0	0
1	0
2	0
3	0
4	0
5	0
6	0
7	0
8	0
9	0
10	0
11	0
12	0
13	0
14	0
15	0
16	0
17	0
18	0
19	0
20	0
21	0
22	0
23	0
24	0
25	0
26	0
27	0
28	0
29	0
30	0
31	0
32	0
33	0
34	0
35	0
36	0
37	0
38	0
39	0
40	0
41	0
42	0
43	0
44	0
45	0
46	0
47	0
48	0
49	0
50	0
51	0
52	0
53	0
54	0
55	0
56	0
57	0
58	0
59	0
60	0
61	0
62	0
63	0
64	0
65	0
66	0
67	0
68	0
69	0
70	0
71	0
72	0
73	0.0013145
74	0.00149089
75	0.00136835
76	0.00143625
77	0.00151863
78	0.0017212
79	0.00153789
80	0.00155843
81	0.00159752
82	0.00173639
83	0.00210615
84	0.00221238
85	0.00246405
86	0.00246902
87	0.00274476
88	0.00297724
89	0.00329212
90	0.00397838
91	0.00441435
92	0.00476144
93	0.00581732
94	0.00609418
95	0.00682426
96	0.00729904
97	0.00810261
98	0.00874032
99	0.00921961
100	0.00917821
101	0.00983166
102	0.010802
103	0.0115673
104	0.0121221
105	0.0128361
106	0.0140196
107	0.0146345
108	0.0151882
109	0.0157909
110	0.015684
111	0.0170658
112	0.0169672
113	0.0172495
114	0.0186337
115	0.0197197
116	0.0203047
117	0.0213318
118	0.0225225
119	0.0220014
120	0.0225393
121	0.0225081
122	0.0219064
123	0.0207899
124	0.0192874
125	0.0186391
126	0.0187606
127	0.0180715
128	0.0172835
129	0.016045
130	0.0153928
131	0.0150487
132	0.0143575
133	0.0139002
134	0.0129701
135	0.0121693
136	0.01148
137	0.0110145
138	0.0104427
139	0.0106505
140	0.0107924
141	0.0102036
142	0.00978201
143	0.0091822
144	0.00815354
145	0.00754885
146	0.00741889
147	0.006777
148	0.00652385
149	0.00680332
150	0.00678219
151	0.00674781
152	0.00629881
153	0.0060827
154	0.00619617
155	0.00554043
156	0.0052431
157	0.00473695
158	0.0046455
159	0.00403239
160	0.00424232
161	0.00403328
162	0.00387321
163	0.00380071
164	0.00360633
165	0.00330483
166	0.0031632
167	0.00293485
168	0.00280132
169	0.00291379
170	0.00288822
171	0.00252595
172	0.00233668
173	0.00257313
174	0.00223907
175	0.00271504
176	0.00282864
177	0.00278209
178	0.00234025
179	0.00210445
180	0.00194994
181	0.00166424
182	0.00181276
183	0.00163644
184	0.00173419
185	0.00183772
186	0.00185185
187	0.00162762
188	0.00174257
189	0.00157886
190	0.00166743
191	0.00161735
192	0.0013105
193	0.00126239
194	0.0012098
195	0.0012968
196	0.00108067
197	0.00103793
198	0.0010347
199	0.00102629
200	0.00110052
201	0.00109392
202	0.000970743
203	0.00100459
204	0.00098292
205	0.000720082
206	0.000777991
207	0.000622938
208	0.000721394
209	0.00053883
210	0.000512535
211	0.000449565
212	0.000485995
213	0.000572202
214	0.00038897
215	0.000435593
216	0.000351433
217	0.000236628
218	0.000252148
219	0.000235419
220	0.00027219
221	0.000292395
222	0.000327443
223	0.000307272
224	0.000374733
225	0.000239805
226	0.000193073
227	0.000219434
228	0.000257317
229	0.000234535
230	0.000182501
231	0.0001629
232	0.000232583
233	0.00020663
234	0.000163728
235	0.000232248
236	0.000267956
237	0.000273398
238	0.00032811
239	0.000271909
240	0.000206954
241	0.000241041
242	0.000255092
243	0.000284345
244	0.000294765
245	0.000276103
246	0.00037
247	0.000402626
248	0.000541221
249	0.000501833
250	0.000473563
251	0.000673057
252	0.000742609
253	0.000653268
254	0.000625098
255	0.000691713
256	0.000777353
257	0.000816542
258	0.000779985
259	0.00103341
260	0.00108212
261	0.00126595
262	0.00143993
263	0.00160094
264	0.00168345
265	0.00163774
266	0.00149799
267	0.00148168
268	0.00148232
269	0.00157206
270	0.00206585
271	0.00228217
272	0.00229336
273	0.00256653
274	0.00279156
275	0.00298582
276	0.00310506
277	0.00366681
278	0.00418432
279	0.00457383
280	0.00483441
281	0.00510076
282	0.00524183
283	0.00554449
284	0.00621042
285	0.00619634
286	0.00666657
287	0.0071226
288	0.00719382
289	0.0073941
290	0.007541
291	0.00830483
292	0.00853815
293	0.00889586
294	0.00916116
295	0.00956281
296	0.0103346
297	0.0106353
298	0.0109867
299	0.0110872
300	0.0118775
301	0.0117359
302	0.0115836
303	0.0116865
304	0.011688
305	0.0113813
306	0.01189
307	0.012233
308	0.0123426
309	0.0129357
310	0.0128121
311	0.012849
312	0.0129295
313	0.0133657
314	0.0137196
315	0.0139787
316	0.0140168
317	0.014516
318	0.0139412
319	0.0136508
320	0.0135588
321	0.0135631
322	0.0137416
323	0.0132169
324	0.0128083
325	0.0130294
326	0.0130977
327	0.0128719
328	0.0120694
329	0.0115015
330	0.010923
331	0.0113197
332	0.0108397
333	0.0109946
334	0.0110244
335	0.0107774
336	0.0108364
337	0.0107748
338	0.0100884
339	0.00969515
340	0.00929115
341	0.00884478
342	0.00820666
343	0.00845051
344	0.00837722
345	0.00816535
346	0.0078057
347	0.00783413
348	0.00745582
349	0.0073068
350	0.00696484
351	0.00662016
352	0.00619162
353	0.00614886
354	0.00603545
355	0.00573202
356	0.0053603
357	0.00518475
358	0.00523976
359	0.00476892
360	0.00466673
361	0.00441091
362	0.00391769
363	0.00380673
364	0.00383905
365	0.00368155
366	0.00381822
367	0.00365553
368	0.00332145
369	0.00309176
370	0.00290035
371	0.00256643
372	0.00251915
373	0.00248195
374	0.00252008
375	0.00248599
376	0.002064
377	0.0019907
378	0.00187166
379	0.00193447
380	0.00217456
381	0.00224243
382	0.00214367
383	0.00222835
384	0.00226092
385	0.00213553
386	0.00223832
387	0.00217757
388	0.00228116
389	0.0021081
390	0.00223702
391	0.00182414
392	0.00175351
393	0.00177999
394	0.00164456
395	0.00175112
396	0.0020822
397	0.00208386
398	0.00233925
399	0.00200501
400	0.00177232
401	0.00152016
402	0.00136601
403	0.0011737
404	0.00128738
405	0.00117768
406	0.00115369
407	0.00116672
408	0.00114354
409	0.00113919
410	0.0010816
411	0.00106309
412	0.00104231
413	0.00104854
414	0.000889368
415	0.00104549
416	0.00114734
417	0.00105399
418	0.00108427
419	0.00116501
420	0.00115532
421	0.00125506
422	0.00135434
423	0.00118178
424	0.00110946
425	0.000923136
426	0.000922043
427	0.000978989
428	0.00110555
429	0.000862348
430	0.000903824
431	0.000825137
432	0.000986206
433	0.00118263
434	0.000985145
435	0.000882341
436	0.000741317
437	0.000695993
438	0.000711373
439	0.000817477
440	0.000907541
441	0.00101653
442	0.00104044
443	0.000880531
444	0.000960677
445	0.000705761
446	0.000788757
447	0.000615965
448	0.000623834
449	0.000638426
450	0.000663922
451	0.000999679
452	0.000893794
453	0.000969072
454	0.00100785
455	0.00126867
456	0.001317
457	0.00142584
458	0.00138491
459	0.00138532
460	0.00173568
461	0.00173339
462	0.00168939
463	0.00176594
464	0.0019886
465	0.0020294
466	0.00220131
467	0.00216764
468	0.00247778
469	0.00242071
470	0.00258485
471	0.0027245
472	0.00292758
473	0.00340993
474	0.00419932
475	0.00447784
476	0.00441796
477	0.00454996
478	0.00477393
479	0.0051266
480	0.0056616
481	0.00581557
482	0.00660807
483	0.00711329
484	0.00782765
485	0.00842794
486	0.0081589
487	0.00850412
488	0.00891969
489	0.00942832
490	0.0101181
491	0.0107743
492	0.0115201
493	0.0119674
494	0.0129499
495	0.0137482
496	0.0146114
497	0.0154662
498	0.0147523
499	0.0145764
500	0.0151363
501	0.0152905
502	0.0152998
503	0.0155077
504	0.0155369
505	0.0156069
506	0.0151475
507	0.0151231
508	0.0149566
509	0.0147007
510	0.0145941
511	0.0137325
512	0.0131772
513	0.0127901
514	0.0121874
515	0.0115994
516	0.0118158
517	0.012173
518	0.0116225
519	0.0111597
520	0.0103755
521	0.00973809
522	0.00986095
523	0.00936501
524	0.0090605
525	0.00899087
526	0.00846059
527	0.00849003
528	0.00800835
529	0.00760606
530	0.00707732
531	0.00665976
532	0.00626092
533	0.00621944
534	0.00620198
535	0.0061844
536	0.00617022
537	0.00591333
538	0.00563859
539	0.00554529
540	0.00553453
541	0.00510776
542	0.00451163
543	0.00434902
544	0.00438779
545	0.00433475
546	0.00461574
547	0.00406534
548	0.00390915
549	0.00409984
550	0.00385158
551	0.00393366
552	0.00394168
553	0.00391062
554	0.00391651
555	0.00395954
556	0.00373676
557	0.00382033
558	0.00358092
559	0.00370944
560	0.00372731
561	0.00362767
562	0.00355509
563	0.00359232
564	0.0033932
565	0.00366015
566	0.00350054
567	0.00353364
568	0.00369632
569	0.00343741
570	0.00350689
571	0.00342869
572	0.00328648
573	0.00318546
574	0.00295162
575	0.0026729
576	0.00253981
577	0.00263254
578	0.00279405
579	0.00307444
580	0.00348621
581	0.00354998
582	0.00358116
583	0.00284429
584	0.00269308
585	0.00264966
586	0.00250675
587	0.00266234
588	0.00261833
589	0.00291646
590	0.00291841
591	0.00275844
592	0.00287389
593	0.0027801
594	0.00242156
595	0.0026786
596	0.00236601
597	0.00228833
598	0.00227868
599	0.00203891
600	0.00202111
601	0.00188502
602	0.00196004
603	0.0019119
604	0.00211193
605	0.00217136
606	0.00182873
607	0.00191542
608	0.00187818
609	0.00181611
610	0.00178284
611	0.00171736
612	0.00168392
613	0.00172164
614	0.00190935
615	0.00178805
616	0.00178572
617	0.00211666
618	0.00197979
619	0.00195357
620	0.00186544
621	0.00175719
622	0.00149433
623	0.00132159
624	0.00143626
625	0.00142096
626	0.00151524
627	0.00147481
628	0.00150167
629	0.0014266
630	0.00142223
631	0.00135789
632	0.0014922
633	0.00157632
634	0.00163966
635	0.00177521
636	0.00178282
637	0.00190617
638	0.00164626
639	0.00161872
640	0.00161147
641	0.00168566
642	0.00167666
643	0.00166044
644	0.00151285
645	0.00170732
646	0.00182993
647	0.00192597
648	0.00175826
649	0.00197748
650	0.00238443
651	0.00239124
652	0.00254509
653	0.00270778
654	0.002962
655	0.0029294
656	0.00309414
657	0.00347551
658	0.00343351
659	0.0038064
660	0.00390275
661	0.00406754
662	0.00409528
663	0.00393935
664	0.00379408
665	0.00432296
666	0.00494536
667	0.00547517
668	0.00552711
669	0.00592713
670	0.00634336
671	0.00696272
672	0.00734818
673	0.00722836
674	0.00737249
675	0.00766356
676	0.00804956
677	0.00722694
678	0.00709751
679	0.00757618
680	0.00775107
681	0.00830485
682	0.00825974
683	0.00824067
684	0.00822752
685	0.00866753
686	0.0092831
687	0.00944129
688	0.00944663
689	0.00932796
690	0.00946971
691	0.00949272
692	0.00920775
693	0.0086979
694	0.00868435
695	0.00881973
696	0.00890738
697	0.00826493
698	0.00862545
699	0.00846938
700	0.00905121
701	0.00880803
702	0.0086895
703	0.0086423
704	0.00842899
705	0.00916871
706	0.00916019
707	0.00894103
708	0.00926557
709	0.00938441
710	0.00843031
711	0.00846575
712	0.00750863
713	0.00781949
714	0.00740442
715	0.00704525
716	0.00738741
717	0.00710488
718	0.00745375
719	0.00728057
720	0.00720174
721	0.00755711
722	0.00693059
723	0.00657681
724	0.00689407
725	0.00696524
726	0.00648158
727	0.00607868
728	0.0055405
729	0.00525561
730	0.00528161
731	0.00492348
732	0.0048813
733	0.00446473
734	0.00468762
735	0.00464588
736	0.00493872
737	0.00494496
738	0.00512357
739	0.0050277
740	0.00507839
741	0.00509971
742	0.00495409
743	0.0044095
744	0.00403906
745	0.00403968
746	0.00376155
747	0.00386048
748	0.00417391
749	0.00395769
750	0.00378533
751	0.00354833
752	0.00385327
753	0.00364333
754	0.00374577
755	0.00371988
756	0.00383728
757	0.00372572
758	0.00362238
759	0.00371124
760	0.00349824
761	0.0035475
762	0.00394864
763	0.00404029
764	0.00434772
765	0.00408768
766	0.00414635
767	0.00383639
768	0.004053
769	0.00451384
770	0.00436943
771	0.00422596
772	0.00397246
773	0.00369934
774	0.00360994
775	0.00358018
776	0.00352074
777	0.00368791
778	0.0039707
779	0.00389643
780	0.00390791
781	0.00365738
782	0.00415924
783	0.00412356
784	0.00400216
785	0.00413957
786	0.00389141
787	0.00406765
788	0.00412161
789	0.0041953
790	0.00399676
791	0.00391027
792	0.00413285
793	0.00410376
794	0.00365009
795	0.00327986
796	0.00352277
797	0.0031882
798	0.00338857
799	0.00289437
800	0.00293153
801	0.00307373
802	0.00305182
803	0.00309537
804	0.00323362
805	0.00334783
806	0.00325649
807	0.00288968
808	0.0027883
809	0.00294863
810	0.00290333
811	0.00317163
812	0.0036665
813	0.0034888
814	0.00360457
815	0.00334744
816	0.00320831
817	0.00314155
818	0.00361268
819	0.00333937
820	0.00333995
821	0.00323323
822	0.00317233
823	0.00331738
824	0.00322386
825	0.00296657
826	0.00311354
827	0.00305164
828	0.00309911
829	0.00321996
830	0.00321689
831	0.0033409
832	0.00317158
833	0.00330818
834	0.00325545
835	0.00304386
836	0.00304196
837	0.00316704
838	0.00321672
839	0.00329912
840	0.00333782
841	0.00312815
842	0.00348847
843	0.0038011
844	0.00417268
845	0.0039316
846	0.0043818
847	0.0044812
848	0.00430079
849	0.00460618
850	0.00452288
851	0.00473257
852	0.00506776
853	0.00545797
854	0.00549472
855	0.0058352
856	0.00592803
857	0.00603422
858	0.00630737
859	0.00643617
860	0.00652209
861	0.0066839
862	0.00605437
863	0.00668134
864	0.00636153
865	0.00606344
866	0.00622024
867	0.00621234
868	0.00669076
869	0.0069478
870	0.00663922
871	0.00666559
872	0.00662361
873	0.00663432
874	0.00665245
875	0.00691779
876	0.0068406
877	0.00643402
878	0.00658441
879	0.00658816
880	0.00605261
881	0.00638176
882	0.0064454
883	0.00682916
884	0.00690356
885	0.00709946
886	0.00686931
887	0.00692003
888	0.00638175
889	0.00628347
890	0.00680979
891	0.00708327
892	0.00710028
893	0.0068726
894	0.00687166
895	0.00654129
896	0.00627326
897	0.00616774
898	0.00639599
899	0.00629922
900	0.00642158
901	0.00626859
902	0.00619128
903	0.00616192
904	0.00618828
905	0.00643072
906	0.00625786
907	0.00640368
908	0.00624305
909	0.00635638
910	0.00619487
911	0.0059053
912	0.00567967
913	0.00558026
914	0.00540215
915	0.00508526
916	0.00470597
917	0.00480643
918	0.00496797
919	0.00437254
920	0.00465978
921	0.004809
922	0.00505694
923	0.00464967
924	0.00459418
925	0.00448288
926	0.00423409
927	0.00443056
928	0.00456395
929	0.00445839
930	0.00416113
931	0.00388599
932	0.00367818
933	0.00397187
934	0.00404029
935	0.00433476
936	0.00445922
937	0.00475674
938	0.00474425
939	0.00435893
940	0.0044511
941	0.00448627
942	0.00442209
943	0.00424366
944	0.00415657
945	0.00424544
946	0.00411023
947	0.00412979
948	0.00442433
949	0.00445551
950	0.00448021
951	0.00446216
952	0.00424793
953	0.00430994
954	0.00396799
955	0.00394932
956	0.0039586
957	0.00415453
958	0.00444301
959	0.00434087
960	0.00422206
961	0.00441473
962	0.00443046
963	0.00441503
964	0.00460103
965	0.00429408
966	0.00458331
967	0.00484488
968	0.00481653
969	0.00483579
970	0.00507031
971	0.00499561
972	0.005125
973	0.00518598
974	0.00484982
975	0.00517976
976	0.00493917
977	0.00439373
978	0.00421024
979	0.00478787
980	0.00466968
981	0.00482573
982	0.00442133
983	0.0045826
984	0.00448953
985	0.00469335
986	0.00453943
987	0.00485124
988	0.00476005
989	0.00444317
990	0.00443659
991	0.00444074
992	0.00465216
993	0.00451904
994	0.00446154
995	0.00471654
996	0.0046921
997	0.00440104
998	0.00425907
999	0.0043165
1000	0.00442364
1001	0.00438167
1002	0.00446853
1003	0.00456321
1004	0.00455867
1005	0.00404098
1006	0.00446764
1007	0.00469654
1008	0.00410888
1009	0.00454442
1010	0.00461405
1011	0.00444582
1012	0.00408178
1013	0.00417601
1014	0.00428844
1015	0.00441012
1016	0.00450773
1017	0.00459364
1018	0.0043179
1019	0.00433344
1020	0.00454945
1021	0.0039363
1022	0.0041255
1023	0.00453149
1024	0.00468746
1025	0.00425782
1026	0.00437594
1027	0.00395187
1028	0.00369136
1029	0.00365927
1030	0.00406025
1031	0.00401433
1032	0.00366125
1033	0.00402089
1034	0.00390848
1035	0.00401731
1036	0.00473856
1037	0.00466498
1038	0.00482123
1039	0.00492666
1040	0.00485474
1041	0.00468959
1042	0.00476639
1043	0.00491505
1044	0.00512119
1045	0.00474102
1046	0.00474415
1047	0.00466111
1048	0.00458177
1049	0.00489246
1050	0.00488926
1051	0.00482901
1052	0.00495094
1053	0.00527927
1054	0.00522596
1055	0.00548293
1056	0.0056184
1057	0.00540184
1058	0.00519828
1059	0.00560683
1060	0.0060635
1061	0.00629334
1062	0.00640418
1063	0.00627336
1064	0.00616033
1065	0.00635842
1066	0.00603264
1067	0.00590129
1068	0.0056577
1069	0.00613756
1070	0.00651926
1071	0.00667376
1072	0.00700398
1073	0.00633193
1074	0.00606396
1075	0.00593757
1076	0.00588998
1077	0.00600611
1078	0.00599684
1079	0.00603719
1080	0.00615755
1081	0.00652659
1082	0.00596192
1083	0.00563499
1084	0.00531088
1085	0.00522288
1086	0.00581533
1087	0.00598653
1088	0.00583142
1089	0.00598301
1090	0.00547053
1091	0.00539904
1092	0.0054759
1093	0.00558547
1094	0.00562759
1095	0.00630802
1096	0.00675884
1097	0.00656583
1098	0.006205
1099	0.00605268
1100	0.00643229
1101	0.00589223
1102	0.00588381
1103	0.00575163
1104	0.00569882
1105	0.00596586
1106	0.00582342
1107	0.00562015
1108	0.00559176
1109	0.00593403
1110	0.00570549
1111	0.00546359
1112	0.00514079
1113	0.00465036
1114	0.00460466
1115	0.00461499
1116	0.00448054
1117	0.00456314
1118	0.0044805
1119	0.00451812
1120	0.00447998
1121	0.00458497
1122	0.00451549
1123	0.00427755
1124	0.0041293
1125	0.00437634
1126	0.00432787
1127	0.00428134
1128	0.00424181
1129	0.00405227
1130	0.00360381
1131	0.00343534
1132	0.00366624
1133	0.00346314
1134	0.00349125
1135	0.00348935
1136	0.00362947
1137	0.00378013
1138	0.00365983
1139	0.00360007
1140	0.00389285
1141	0.00384032
1142	0.00385574
1143	0.00388124
1144	0.00368238
1145	0.00362002
1146	0.00407478
1147	0.00413083
1148	0.00422559
1149	0.0044238
1150	0.00435043
1151	0.00456828
1152	0.00454237
1153	0.00397775
1154	0.00416989
1155	0.00429586
1156	0.00434709
1157	0.00435713
1158	0.00458716
1159	0.00444347
1160	0.00466531
1161	0.00430481
1162	0.00467168
1163	0.00465631
1164	0.00484015
1165	0.00460874
1166	0.00457706
1167	0.00442201
1168	0.00449923
1169	0.0045694
1170	0.00442718
1171	0.00438705
1172	0.00434908
1173	0.00431487
1174	0.00423949
1175	0.00464084
1176	0.00443759
1177	0.00423807
1178	0.00400378
1179	0.00417108
1180	0.00428173
1181	0.0044237
1182	0.00442285
1183	0.00457701
1184	0.00448857
1185	0.00448101
1186	0.00455602
1187	0.00430084
1188	0.00453497
1189	0.00408102
1190	0.0040692
1191	0.00418897
1192	0.00415
1193	0.0041959
1194	0.00439655
1195	0.00396002
1196	0.00394944
1197	0.00398679
1198	0.00424173
1199	0.00420149
1200	0.00400271
1201	0.00426454
1202	0.00454061
1203	0.00412176
1204	0.00416552
1205	0.00439328
1206	0.00428772
1207	0.00437071
1208	0.00457783
1209	0.00452428
1210	0.00434278
1211	0.00441319
1212	0.00443864
1213	0.0043836
1214	0.00453886
1215	0.00499816
1216	0.00513996
1217	0.00532495
1218	0.00570287
1219	0.00602319
1220	0.00595382
1221	0.00576287
1222	0.00548961
1223	0.00586507
1224	0.00597524
1225	0.00561617
1226	0.0056318
1227	0.00565311
1228	0.00572364
1229	0.00547265
1230	0.00549808
1231	0.00583817
1232	0.00564394
1233	0.00573574
1234	0.00576085
1235	0.0062253
1236	0.00563938
1237	0.00566459
1238	0.00545637
1239	0.00589345
1240	0.00569057
1241	0.00586761
1242	0.00627587
1243	0.00611595
1244	0.00585281
1245	0.00586302
1246	0.00539535
1247	0.00572556
1248	0.00571813
1249	0.00589769
1250	0.00526291
1251	0.00526
1252	0.00538517
1253	0.00531099
1254	0.00523266
1255	0.00505098
1256	0.00485769
1257	0.0046382
1258	0.00522098
1259	0.00518815
1260	0.0051415
1261	0.00513245
1262	0.00507444
1263	0.00533108
1264	0.00488317
1265	0.00462378
1266	0.00469715
1267	0.00496671
1268	0.00523848
1269	0.00557559
1270	0.00576532
1271	0.00614778
1272	0.00626821
1273	0.00632196
1274	0.00611557
1275	0.00664177
1276	0.00600205
1277	0.0061823
1278	0.00574031
1279	0.00566094
1280	0.00517029
1281	0.00528823
1282	0.00536313
1283	0.00585082
1284	0.00569341
1285	0.00575942
1286	0.00579823
1287	0.00594331
1288	0.00550295
1289	0.0060519
1290	0.00633074
1291	0.00652682
1292	0.00612271
1293	0.00575562
1294	0.00562117
1295	0.00556512
1296	0.00554146
1297	0.00561077
1298	0.00539727
1299	0.0052009
1300	0.00540355
1301	0.00514912
1302	0.00499396
1303	0.00478447
1304	0.00487366
1305	0.0052333
1306	0.00544656
1307	0.0054517
1308	0.00525332
1309	0.00458594
1310	0.00448274
1311	0.00444547
1312	0.00431003
1313	0.00422998
1314	0.00446444
1315	0.00436113
1316	0.00442507
1317	0.00428225
1318	0.00475627
1319	0.00426237
1320	0.00375283
1321	0.00399731
1322	0.00403365
1323	0.00400128
1324	0.00373115
1325	0.00391959
1326	0.00396403
1327	0.00401923
1328	0.0044108
1329	0.00442934
1330	0.00415523
1331	0.00414116
1332	0.0044163
1333	0.00407317
1334	0.00445699
1335	0.00429855
1336	0.00414292
1337	0.00447701
1338	0.00461794
1339	0.00487736
1340	0.00490603
1341	0.00448059
1342	0.00449345
1343	0.00493891
1344	0.004722
1345	0.00455326
1346	0.00511326
1347	0.00504843
1348	0.00495802
1349	0.00479236
1350	0.00443974
1351	0.00440595
1352	0.00486499
1353	0.00476421
1354	0.00460153
1355	0.00420548
1356	0.00412739
1357	0.00423122
1358	0.00383077
1359	0.00374507
1360	0.00374835
1361	0.00390895
1362	0.0044015
1363	0.0042966
1364	0.00464821
1365	0.00440956
1366	0.00453808
1367	0.00482518
1368	0.00504431
1369	0.0046883
1370	0.00463073
1371	0.00490222
1372	0.00491142
1373	0.00468232
1374	0.00479231
1375	0.00481618
1376	0.00477318
1377	0.00512495
1378	0.00524359
1379	0.00524293
1380	0.00494647
1381	0.00530338
1382	0.00543732
1383	0.00541316
1384	0.00524679
1385	0.00480127
1386	0.00470799
1387	0.00421625
1388	0.00438147
1389	0.00480669
1390	0.00497931
1391	0.00498923
1392	0.00556574
1393	0.00563892
1394	0.0054866
1395	0.00503587
1396	0.00502913
1397	0.00500815
1398	0.00492074
1399	0.00474082
1400	0.00495462
1401	0.00470244
1402	0.0047261
1403	0.00438488
1404	0.00453872
1405	0.004688
1406	0.00478711
1407	0.00443082
1408	0.00465801
1409	0.00467247
1410	0.00458204
1411	0.00446497
1412	0.00468967
1413	0.0048693
1414	0.00468623
1415	0.00441615
1416	0.00425982
1417	0.00466075
1418	0.0042627
1419	0.00432753
1420	0.00446581
1421	0.00431996
1422	0.00433024
1423	0.00411386
1424	0.00383357
1425	0.00431338
1426	0.00451861
1427	0.00429834
1428	0.00450931
1429	0.00474236
1430	0.00492381
1431	0.00490821
1432	0.00488262
1433	0.00466931
1434	0.00448066
1435	0.00470655
1436	0.00493863
1437	0.00521206
1438	0.00533875
1439	0.0049249
1440	0.00524005
1441	0.00509014
1442	0.00505635
1443	0.00489781
1444	0.00506159
1445	0.00525087
1446	0.00497595
1447	0.00468493
1448	0.00452125
1449	0.00436405
1450	0.00466348
1451	0.00458606
1452	0.0050655
1453	0.00523535
1454	0.00519007
1455	0.00583224
1456	0.00586988
1457	0.00590118
1458	0.00616197
1459	0.00592274
1460	0.00571356
1461	0.00543562
1462	0.0056082
1463	0.0057017
1464	0.0059198
1465	0.00584274
1466	0.00553784
1467	0.00507474
1468	0.00517635
1469	0.00490891
1470	0.00508146
1471	0.00466233
1472	0.00494168
1473	0.0048713
1474	0.00457524
1475	0.00450515
1476	0.00458887
1477	0.00471769
1478	0.00467258
1479	0.00491833
1480	0.00469873
1481	0.0048943
1482	0.0050365
1483	0.00488328
1484	0.00494761
1485	0.00529663
1486	0.00550784
1487	0.0053647
1488	0.00510018
1489	0.00538154
1490	0.00524995
1491	0.0055521
1492	0.00536695
1493	0.00501677
1494	0.00497422
1495	0.00491807
1496	0.00469034
1497	0.00442231
1498	0.00447623
1499	0.00402957
1500	0.00391554
1501	0.00407265
1502	0.00404758
1503	0.00426035
1504	0.00439472
1505	0.00464827
1506	0.00455894
1507	0.00424338
1508	0.00443941
1509	0.00425243
1510	0.00438104
1511	0.00445197
1512	0.004147
1513	0.0047716
1514	0.00497979
1515	0.00479762
1516	0.00454641
1517	0.00460141
1518	0.00465524
1519	0.00464661
1520	0.00508471
1521	0.0047759
1522	0.004957
1523	0.00492557
1524	0.00489223
1525	0.00509652
1526	0.00513387
1527	0.00525094
1528	0.00526515
1529	0.00494975
1530	0.00499744
1531	0.00584002
1532	0.00577386
1533	0.00584645
1534	0.00591199
1535	0.00585774
1536	0.00589774
1537	0.00580042
1538	0.00563907
1539	0.00533317
1540	0.00554013
1541	0.00554499
1542	0.0057101
1543	0.00553928
1544	0.00537439
1545	0.00553412
1546	0.00574187
1547	0.005308
1548	0.00540199
1549	0.00511294
1550	0.00485883
1551	0.0046172
1552	0.00445578
1553	0.00474516
1554	0.00476554
1555	0.00496619
1556	0.00531835
1557	0.00555898
1558	0.00578985
1559	0.00587005
1560	0.00583933
1561	0.00570447
1562	0.00524382
1563	0.00532987
1564	0.00567415
1565	0.00583039
1566	0.00561403
1567	0.0052506
1568	0.00516726
1569	0.0052224
1570	0.00483275
1571	0.00455624
1572	0.00433503
1573	0.0046851
1574	0.00474309
1575	0.00462642
1576	0.00471492
1577	0.00511527
1578	0.0052055
1579	0.00473232
1580	0.00457717
1581	0.00481088
1582	0.00465635
1583	0.00461427
1584	0.00455878
1585	0.00494612
1586	0.00458044
1587	0.00511625
1588	0.004827
1589	0.00471305
1590	0.00485368
1591	0.00456199
1592	0.00466081
1593	0.00414367
1594	0.00420451
1595	0.00400435
1596	0.00390301
1597	0.00415819
1598	0.00409302
1599	0.00410052
1600	0.00421608
1601	0.00382953
1602	0.00397638
1603	0.00401178
1604	0.0040313
1605	0.00378426
1606	0.00378066
1607	0.00372553
1608	0.0039224
1609	0.00458992
1610	0.00461271
1611	0.00460895
1612	0.00438996
1613	0.00459941
1614	0.0042779
1615	0.00410556
1616	0.00418538
1617	0.00409894
1618	0.00408527
1619	0.00400603
1620	0.00401211
1621	0.00424812
1622	0.00433011
1623	0.00423391
1624	0.00413396
1625	0.00408149
1626	0.00387662
1627	0.0038091
1628	0.00412234
1629	0.00483623
1630	0.00428383
1631	0.00468605
1632	0.00468984
1633	0.00480619
1634	0.00475028
1635	0.00497861
1636	0.00513137
1637	0.00542576
1638	0.00537248
1639	0.00559666
1640	0.00557151
1641	0.0053944
1642	0.00529904
1643	0.00524674
1644	0.00545263
1645	0.00535
1646	0.00513426
1647	0.00485556
1648	0.00507883
1649	0.00500037
1650	0.00485665
1651	0.00489044
1652	0.00486551
1653	0.00523918
1654	0.00484196
1655	0.00502521
1656	0.00482431
1657	0.00515157
1658	0.00539995
1659	0.00545391
1660	0.00503883
1661	0.00489786
1662	0.0047064
1663	0.00489395
1664	0.00489747
1665	0.0047293
1666	0.00517735
1667	0.00495951
1668	0.00542413
1669	0.00533661
1670	0.00566114
1671	0.00583633
1672	0.00547701
1673	0.00542427
1674	0.0052213
1675	0.00514924
1676	0.00512476
1677	0.00494406
1678	0.00487824
1679	0.00531763
1680	0.00535611
1681	0.00523192
1682	0.00526134
1683	0.00539106
1684	0.00529545
1685	0.00581343
1686	0.00599469
1687	0.00558705
1688	0.0051427
1689	0.00512896
1690	0.00489782
1691	0.00502747
1692	0.0046666
1693	0.00476845
1694	0.00468155
1695	0.00518361
1696	0.00463973
1697	0.00490997
1698	0.00470245
1699	0.00454266
1700	0.004429
1701	0.00488811
1702	0.00466853
1703	0.00449507
1704	0.0046966
1705	0.00506876
1706	0.00517252
1707	0.00523722
1708	0.00494138
1709	0.00489892
1710	0.00504558
1711	0.00480921
1712	0.00479513
1713	0.00488309
1714	0.00476476
1715	0.00459865
1716	0.00486762
1717	0.00537654
1718	0.00523931
1719	0.00495798
1720	0.00506468
1721	0.00488481
1722	0.00539848
1723	0.0052056
1724	0.00573325
1725	0.00597322
1726	0.00603333
1727	0.00586089
1728	0.00552092
1729	0.00554989
1730	0.00544053
1731	0.00557213
1732	0.00532086
1733	0.00529851
1734	0.00565425
1735	0.00572498
1736	0.005586
1737	0.00548078
1738	0.00539188
1739	0.00575055
1740	0.00571613
1741	0.00602578
1742	0.00551198
1743	0.00587618
1744	0.00620156
1745	0.0055513
1746	0.00612645
1747	0.0057244
1748	0.00542357
1749	0.00559732
1750	0.00588462
1751	0.00602921
1752	0.00603933
1753	0.00621407
1754	0.00630351
1755	0.00621928
1756	0.00607838
1757	0.0059043
1758	0.00582112
1759	0.00553327
1760	0.00557988
1761	0.00547346
1762	0.00536794
1763	0.00537071
1764	0.00546409
1765	0.00524389
1766	0.00548634
1767	0.0054675
1768	0.00505616
1769	0.00453021
1770	0.00486078
1771	0.00447872
1772	0.00477562
1773	0.00474502
1774	0.00466108
1775	0.00463638
1776	0.00467053
1777	0.00438626
1778	0.00407095
1779	0.00416778
1780	0.00427357
1781	0.00426203
1782	0.00431451
1783	0.004652
1784	0.00506313
1785	0.00491065
1786	0.00473844
1787	0.00464504
1788	0.00475746
1789	0.00458723
1790	0.00477395
1791	0.00476055
1792	0.00443104
1793	0.00451312
1794	0.00473119
1795	0.00497041
1796	0.00475482
1797	0.00456017
1798	0.00442809
1799	0.00451512
1800	0.00421302
1801	0.00397652
1802	0.00397874
1803	0.00397278
1804	0.0039462
1805	0.00410765
1806	0.00407024
1807	0.00405024
1808	0.00387163
1809	0.00397719
1810	0.00397057
1811	0.00442936
1812	0.00436821
1813	0.00429774
1814	0.00421026
1815	0.00433381
1816	0.00412806
1817	0.00393094
1818	0.00386209
1819	0.00362303
1820	0.00367755
1821	0.00402045
1822	0.00404168
1823	0.00408142
1824	0.00394605
1825	0.00382553
1826	0.00380496
1827	0.00411243
1828	0.00421517
1829	0.00415793
1830	0.00397054
1831	0.00402429
1832	0.00403547
1833	0.00410639
1834	0.00425457
1835	0.00454211
1836	0.00431458
1837	0.00387982
1838	0.00415394
1839	0.00391425
1840	0.00405673
1841	0.00413068
1842	0.00428111
1843	0.00432032
1844	0.00413089
1845	0.00430468
1846	0.00443911
1847	0.00455023
1848	0.00457952
1849	0.00478088
1850	0.00482158
1851	0.0049936
1852	0.00444282
1853	0.00434598
1854	0.00475424
1855	0.00464632
1856	0.00468943
1857	0.00509555
1858	0.00455248
1859	0.00470079
1860	0.00456405
1861	0.00445476
1862	0.0047785
1863	0.00477721
1864	0.00484822
1865	0.00501816
1866	0.00533334
1867	0.00470962
1868	0.00480019
1869	0.00500279
1870	0.00536929
1871	0.00584017
1872	0.00569029
1873	0.00572012
1874	0.00582185
1875	0.00589997
1876	0.00571921
1877	0.00558874
1878	0.00565628
1879	0.0054926
1880	0.00571726
1881	0.00576474
1882	0.00530924
1883	0.00533301
1884	0.0051685
1885	0.00482264
1886	0.00450873
1887	0.0043088
1888	0.00471005
1889	0.00475933
1890	0.00461725
1891	0.00465285
1892	0.00438562
1893	0.00452508
1894	0.00435665
1895	0.00415369
1896	0.00399864
1897	0.00398118
1898	0.00423368
1899	0.0046704
1900	0.00496948
1901	0.00483919
1902	0.00521671
1903	0.00536901
1904	0.00565005
1905	0.00564988
1906	0.0054889
1907	0.00570079
1908	0.00570912
1909	0.00592447
1910	0.0060523
1911	0.00596941
1912	0.00603089
1913	0.00599384
1914	0.00558589
1915	0.00545473
1916	0.00508134
1917	0.00531957
1918	0.00532569
1919	0.005512
1920	0.00506451
1921	0.00524878
1922	0.00530316
1923	0.00547327
1924	0.00552581
1925	0.00574847
1926	0.0063067
1927	0.00614541
1928	0.00651242
1929	0.00610991
1930	0.006295
1931	0.00619909
1932	0.00641265
1933	0.00686837
1934	0.00668502
1935	0.0070061
1936	0.00732883
1937	0.00752692
1938	0.00745161
1939	0.00713455
1940	0.0068606
1941	0.0070654
1942	0.00681796
1943	0.00674639
1944	0.0066538
1945	0.00629741
1946	0.00682042
1947	0.00686276
1948	0.00658244
1949	0.00657708
1950	0.00660579
1951	0.00676338
1952	0.006463
1953	0.00604915
1954	0.00594954
1955	0.00585493
1956	0.00619601
1957	0.005962
1958	0.00553679
1959	0.00550936
1960	0.00581682
1961	0.00582721
1962	0.0052115
1963	0.00528337
1964	0.00470545
1965	0.00471469
1966	0.00512908
1967	0.00505224
1968	0.00478359
1969	0.00487181
1970	0.00484807
1971	0.0049052
1972	0.00457754
1973	0.00475378
1974	0.00478867
1975	0.0048357
1976	0.0049198
1977	0.00525113
1978	0.00546897
1979	0.00547293
1980	0.00518229
1981	0.00505884
1982	0.00496901
1983	0.00458787
1984	0.00498982
1985	0.00444151
1986	0.0043184
1987	0.00404173
1988	0.00388596
1989	0.00392914
1990	0.00407488
1991	0.00430892
1992	0.00411011
1993	0.00405972
1994	0.00383787
1995	0.00377779
1996	0.00391586
1997	0.00356397
1998	0.00386996
1999	0.00388533
2000	0.00360124
2001	0.00362759
2002	0.00355264
2003	0.00362244
2004	0.00345669
2005	0.00307923
2006	0.00324279
2007	0.00331023
2008	0.00333712
2009	0.00322011
2010	0.00328045
2011	0.00343106
2012	0.00318114
2013	0.00294107
2014	0.00296418
2015	0.00311749
2016	0.00314104
2017	0.00338249
2018	0.00312651
2019	0.00321131
2020	0.00322593
2021	0.00341422
2022	0.00326358
2023	0.00335478
2024	0.00339916
2025	0.0031454
2026	0.0032652
2027	0.00382466
2028	0.00355583
2029	0.00349421
2030	0.0032409
2031	0.00319012
2032	0.00348178
2033	0.00354764
2034	0.00382694
2035	0.00418094
2036	0.00423161
2037	0.00412817
2038	0.00400313
2039	0.00425713
2040	0.00393455
2041	0.00378902
2042	0.00373751
2043	0.00423584
2044	0.00397393
2045	0.00374373
2046	0.00389434
2047	0.00412496
2048	0.00407334
2049	0.00445616
2050	0.00466478
2051	0.00466773
2052	0.00475495
2053	0.00505439
2054	0.00507802
2055	0.00483451
2056	0.00512575
2057	0.00502824
2058	0.00540318
2059	0.0052071
2060	0.00516304
2061	0.00508459
2062	0.00453147
2063	0.00434633
2064	0.00433922
2065	0.00483376
2066	0.00475086
2067	0.00478688
2068	0.00516009
2069	0.00540953
2070	0.00508387
2071	0.00533088
2072	0.00522086
2073	0.00543321
2074	0.00503945
2075	0.00508258
2076	0.00477377
2077	0.00466997
2078	0.00442098
2079	0.00453596
2080	0.00462889
2081	0.00468167
2082	0.00452262
2083	0.00420062
2084	0.00437803
2085	0.0043722
2086	0.00412126
2087	0.00397032
2088	0.00388653
2089	0.00410025
2090	0.00435863
2091	0.00425853
2092	0.00443779
2093	0.00443891
2094	0.00482835
2095	0.00501948
2096	0.00490557
2097	0.00521548
2098	0.0048834
2099	0.00458504
2100	0.00467771
2101	0.0048377
2102	0.00498318
2103	0.00517856
2104	0.00506872
2105	0.00527155
2106	0.00567195
2107	0.00624221
2108	0.00609265
2109	0.00619301
2110	0.00646708
2111	0.00649754
2112	0.00663255
2113	0.00659437
2114	0.00629591
2115	0.00677077
2116	0.00698068
2117	0.00739177
2118	0.00701129
2119	0.00688443
2120	0.00697758
2121	0.00728983
2122	0.00753368
2123	0.00700235
2124	0.00678699
2125	0.00682273
2126	0.00723766
2127	0.00718886
2128	0.00736048
2129	0.00715524
2130	0.00689292
2131	0.00664166
2132	0.0064723
2133	0.00637594
2134	0.00710048
2135	0.00735647
2136	0.00747159
2137	0.00724584
2138	0.00757143
2139	0.00777141
2140	0.0079613
2141	0.00757561
2142	0.00753152
2143	0.00721906
2144	0.0075137
2145	0.00717837
2146	0.00708272
2147	0.00749349
2148	0.00762831
2149	0.00746423
2150	0.00798518
2151	0.00741905
2152	0.00742042
2153	0.0072004
2154	0.00689172
2155	0.00694717
2156	0.00706139
2157	0.00675163
2158	0.00698836
2159	0.00685123
2160	0.00655883
2161	0.00619432
2162	0.00591297
2163	0.00567514
2164	0.0057229
2165	0.00570132
2166	0.00554875
2167	0.00604209
2168	0.00602201
2169	0.00567198
2170	0.00553575
2171	0.00497651
2172	0.00494821
2173	0.005183
2174	0.00512195
2175	0.00495368
2176	0.00509983
2177	0.0044489
2178	0.00460497
2179	0.00457548
2180	0.00447383
2181	0.00422854
2182	0.00403378
2183	0.00385698
2184	0.00400392
2185	0.00424842
2186	0.0041145
2187	0.00394244
2188	0.00368031
2189	0.00370904
2190	0.00367108
2191	0.00343131
2192	0.00306229
2193	0.00279872
2194	0.00265352
2195	0.00246489
2196	0.00252235
2197	0.00245771
2198	0.00227908
2199	0.00221327
2200	0.00237619
2201	0.0025553
2202	0.00247923
2203	0.00237252
2204	0.0023066
2205	0.00228631
2206	0.00243091
2207	0.00262754
2208	0.00299981
2209	0.00273812
2210	0.00274483
2211	0.00284158
2212	0.00303553
2213	0.00300794
2214	0.002715
2215	0.00238207
2216	0.00265188
2217	0.00281035
2218	0.00306869
2219	0.00296425
2220	0.00305422
2221	0.00307494
2222	0.00295494
2223	0.00270921
2224	0.00264946
2225	0.00293013
2226	0.0030799
2227	0.00307794
2228	0.00350052
2229	0.00346584
2230	0.00371716
2231	0.0037096
2232	0.00374572
2233	0.00383849
2234	0.00385559
2235	0.00374334
2236	0.00376435
2237	0.0039204
2238	0.00362183
2239	0.00307957
2240	0.00337175
2241	0.00361666
2242	0.00346325
2243	0.00328448
2244	0.0034493
2245	0.00345267
2246	0.00357482
2247	0.00357844
2248	0.00305717
2249	0.00314884
2250	0.00303036
2251	0.00312113
2252	0.00307306
2253	0.00320039
2254	0.00323676
2255	0.00351793
2256	0.003613
2257	0.00388682
2258	0.00395556
2259	0.00400395
2260	0.00389951
2261	0.00405511
2262	0.00396222
2263	0.00415769
2264	0.00414946
2265	0.00425918
2266	0.003854
2267	0.00366361
2268	0.00397422
2269	0.00412618
2270	0.00459656
2271	0.00463491
2272	0.00491746
2273	0.00500155
2274	0.00526267
2275	0.00476327
2276	0.00486443
2277	0.00512125
2278	0.00512208
2279	0.00495596
2280	0.00515447
2281	0.00488356
2282	0.00488551
2283	0.00501183
2284	0.00497681
2285	0.00499905
2286	0.00474964
2287	0.00474241
2288	0.00489698
2289	0.00504572
2290	0.00543321
2291	0.00476753
2292	0.00450289
2293	0.00476878
2294	0.00512228
2295	0.00496014
2296	0.0051014
2297	0.0047075
2298	0.00482244
2299	0.0047921
2300	0.00509019
2301	0.00520114
2302	0.0055991
2303	0.00596078
2304	0.00605095
2305	0.0059617
2306	0.00612665
2307	0.00657034
2308	0.00660455
2309	0.00654227
2310	0.00603468
2311	0.00603619
2312	0.00671274
2313	0.00654008
2314	0.00648209
2315	0.00649131
2316	0.00694715
2317	0.00712553
2318	0.00658366
2319	0.0064717
2320	0.00675451
2321	0.0068787
2322	0.00725604
2323	0.00749918
2324	0.00700388
2325	0.00663265
2326	0.00722077
2327	0.00760131
2328	0.00776179
2329	0.00808181
2330	0.00861478
2331	0.00883485
2332	0.00860198
2333	0.00813537
2334	0.00826311
2335	0.00795728
2336	0.00802528
2337	0.00771434
2338	0.00839778
2339	0.00889162
2340	0.00893365
2341	0.00905871
2342	0.00927413
2343	0.00855312
2344	0.00882966
2345	0.00891578
2346	0.00873556
2347	0.0090027
2348	0.00864747
2349	0.00850361
2350	0.00814544
2351	0.00795837
2352	0.00831675
2353	0.00746136
2354	0.00729315
2355	0.00719505
2356	0.00709374
2357	0.00687879
2358	0.00645401
2359	0.00637398
2360	0.00643054
2361	0.00646211
2362	0.00642964
2363	0.00620875
2364	0.00578932
2365	0.00571471
2366	0.00567778
2367	0.00521536
2368	0.00548268
2369	0.00528039
2370	0.00530762
2371	0.0050878
2372	0.00474481
2373	0.00448463
2374	0.00436051
2375	0.00413194
2376	0.00410275
2377	0.0037442
2378	0.00359031
2379	0.00400393
2380	0.00387088
2381	0.00356093
2382	0.00348414
2383	0.00366865
2384	0.00342128
2385	0.00300627
2386	0.00295349
2387	0.00246707
2388	0.00259151
2389	0.0027356
2390	0.00274352
2391	0.00306314
2392	0.00293834
2393	0.00279237
2394	0.00259429
2395	0.00249365
2396	0.00261771
2397	0.00271676
2398	0.00274052
2399	0.0028571
2400	0.00274096
2401	0.00306792
2402	0.00262681
2403	0.0026433
2404	0.0026858
2405	0.0024929
2406	0.00226625
2407	0.00209645
2408	0.00236664
2409	0.00229002
2410	0.00222584
2411	0.00233877
2412	0.00247242
2413	0.00246667
2414	0.00263879
2415	0.00274167
2416	0.00269804
2417	0.00273696
2418	0.00272731
2419	0.00281897
2420	0.00306634
2421	0.00311347
2422	0.00308486
2423	0.00287161
2424	0.00267929
2425	0.00253329
2426	0.00258198
2427	0.00299249
2428	0.00299586
2429	0.00321398
2430	0.00293864
2431	0.00315152
2432	0.0033831
2433	0.00331836
2434	0.00340968
2435	0.00357886
2436	0.00329296
2437	0.00313817
2438	0.00297951
2439	0.00317232
2440	0.00319452
2441	0.00333641
2442	0.00321712
2443	0.00323092
2444	0.00308248
2445	0.00328864
2446	0.00335839
2447	0.00333532
2448	0.00325036
2449	0.00318534
2450	0.00298162
2451	0.00339146
2452	0.00328617
2453	0.00308648
2454	0.00314422
2455	0.00314112
2456	0.00315707
2457	0.0028371
2458	0.0029008
2459	0.00292219
2460	0.00314405
2461	0.00333124
2462	0.00351009
2463	0.00377124
2464	0.00392515
2465	0.0037386
2466	0.00354488
2467	0.00345387
2468	0.0033422
2469	0.00366398
2470	0.00359346
2471	0.00376686
2472	0.0038223
2473	0.00383746
2474	0.00407098
2475	0.00424193
2476	0.00451982
2477	0.00453668
2478	0.00444377
2479	0.00433496
2480	0.00467599
2481	0.00445166
2482	0.00420692
2483	0.00409252
2484	0.00418762
2485	0.00424364
2486	0.00451905
2487	0.0044552
2488	0.00430506
2489	0.00435225
2490	0.00412726
2491	0.00450254
2492	0.00470886
2493	0.00469124
2494	0.00482348
2495	0.00529572
2496	0.00544304
2497	0.00550672
2498	0.00589754
2499	0.00583267
2500	0.00565327
2501	0.00549464
2502	0.00569323
2503	0.00579071
2504	0.00560146
2505	0.0055443
2506	0.00608225
2507	0.00673503
2508	0.00713225
2509	0.00685222
2510	0.00682986
2511	0.00712916
2512	0.00707145
2513	0.00716085
2514	0.0078813
2515	0.00791451
2516	0.00794191
2517	0.00792153
2518	0.00833826
2519	0.00890079
2520	0.00915164
2521	0.00921273
2522	0.00930591
2523	0.00901978
2524	0.00975275
2525	0.0106176
2526	0.0107247
2527	0.0105516
2528	0.0109915
2529	0.0101258
2530	0.010093
2531	0.0104565
2532	0.0102863
2533	0.0103256
2534	0.0101457
2535	0.00991335
2536	0.00979685
2537	0.00945602
2538	0.00895613
2539	0.00909284
2540	0.00879702
2541	0.00912076
2542	0.00874433
2543	0.00849496
2544	0.00790777
2545	0.00753625
2546	0.0073252
2547	0.00793433
2548	0.00805334
2549	0.00776764
2550	0.00784217
2551	0.00735715
2552	0.00701579
2553	0.0065934
2554	0.00663804
2555	0.00611029
2556	0.00592962
2557	0.00563711
2558	0.00554931
2559	0.00566202
2560	0.00571859
2561	0.00557252
2562	0.00535792
2563	0.0048325
2564	0.00441849
2565	0.00497112
2566	0.00469043
2567	0.00441108
2568	0.00401499
2569	0.00391987
2570	0.00393539
2571	0.00380779
2572	0.00343892
2573	0.00353407
2574	0.00346902
2575	0.0034909
2576	0.00355417
2577	0.00310309
2578	0.00335954
2579	0.0033193
2580	0.00308093
2581	0.00294071
2582	0.00283964
2583	0.00271756
2584	0.00289976
2585	0.00283081
2586	0.00268776
2587	0.00288717
2588	0.00271922
2589	0.00282617
2590	0.00283811
2591	0.00265858
2592	0.00262555
2593	0.00272441
2594	0.00316232
2595	0.00302988
2596	0.00307491
2597	0.00275386
2598	0.00316173
2599	0.00323116
2600	0.00310998
2601	0.00310819
2602	0.00289624
2603	0.00304719
2604	0.00341975
2605	0.00348727
2606	0.00298721
2607	0.00285198
2608	0.00297786
2609	0.00305993
2610	0.00301285
2611	0.00262846
2612	0.0026851
2613	0.00265176
2614	0.00289788
2615	0.00313079
2616	0.00300777
2617	0.00290412
2618	0.0028705
2619	0.00274726
2620	0.00276563
2621	0.00296697
2622	0.00267392
2623	0.00275756
2624	0.0028046
2625	0.00300458
2626	0.00295107
2627	0.00335325
2628	0.00325984
2629	0.00333407
2630	0.00366357
2631	0.00357941
2632	0.00373119
2633	0.00369311
2634	0.00321301
2635	0.00324686
2636	0.00308135
2637	0.0033297
2638	0.00331298
2639	0.00331713
2640	0.00344826
2641	0.00352038
2642	0.00337216
2643	0.00353185
2644	0.00336099
2645	0.00322392
2646	0.00338101
2647	0.00307171
2648	0.00300926
2649	0.00322243
2650	0.00325299
2651	0.00316981
2652	0.00314157
2653	0.00335283
2654	0.00305868
2655	0.00316216
2656	0.00326235
2657	0.00341972
2658	0.00358897
2659	0.0035446
2660	0.00333442
2661	0.00327701
2662	0.00331117
2663	0.00320333
2664	0.00342255
2665	0.00354278
2666	0.00347531
2667	0.00335549
2668	0.0033889
2669	0.00347946
2670	0.00338511
2671	0.00353404
2672	0.00365398
2673	0.00374361
2674	0.0038934
2675	0.0038372
2676	0.00401623
2677	0.00391028
2678	0.00412601
2679	0.00443161
2680	0.00438582
2681	0.00439367
2682	0.00412095
2683	0.00417411
2684	0.00430833
2685	0.00430039
2686	0.00445555
2687	0.00451652
2688	0.00451954
2689	0.00443673
2690	0.00454617
2691	0.00472227
2692	0.00482896
2693	0.00488224
2694	0.00515913
2695	0.00530987
2696	0.00591952
2697	0.00628997
2698	0.00659592
2699	0.00668693
2700	0.00694566
2701	0.00691307
2702	0.0078329
2703	0.00763924
2704	0.00743659
2705	0.00801148
2706	0.00777056
2707	0.00754325
2708	0.00742844
2709	0.00737626
2710	0.00754944
2711	0.00759027
2712	0.00758444
2713	0.00768793
2714	0.00806612
2715	0.00796716
2716	0.00867029
2717	0.00940006
2718	0.00954793
2719	0.00965742
2720	0.0103123
2721	0.0101665
2722	0.0106386
2723	0.0105657
2724	0.00998899
2725	0.00966803
2726	0.00930318
2727	0.0096704
2728	0.00915887
2729	0.00938929
2730	0.00964332
2731	0.00940651
2732	0.00953179
2733	0.0091983
2734	0.00919502
2735	0.00944385
2736	0.00896101
2737	0.00855793
2738	0.00849333
2739	0.0083355
2740	0.00799009
2741	0.00828518
2742	0.00801228
2743	0.0076807
2744	0.00765737
2745	0.00787447
2746	0.00768971
2747	0.00706932
2748	0.00685844
2749	0.00694645
2750	0.00666037
2751	0.00588034
2752	0.00582763
2753	0.00559465
2754	0.00557235
2755	0.00556784
2756	0.00524102
2757	0.00508334
2758	0.00468347
2759	0.00466789
2760	0.0048122
2761	0.00453784
2762	0.00422592
2763	0.0044753
2764	0.00464577
2765	0.00468257
2766	0.00453747
2767	0.00452194
2768	0.00419597
2769	0.00394793
2770	0.00385308
2771	0.00388612
2772	0.00397817
2773	0.00434824
2774	0.0039314
2775	0.00403582
2776	0.00346907
2777	0.00320588
2778	0.00288862
2779	0.00254847
2780	0.00232809
2781	0.00233114
2782	0.00242805
2783	0.00231043
2784	0.00238913
2785	0.00231557
2786	0.00238056
2787	0.00228022
2788	0.00214196
2789	0.00235853
2790	0.00231875
2791	0.0023817
2792	0.00234204
2793	0.00224934
2794	0.00218047
2795	0.00222266
2796	0.00246329
2797	0.0025371
2798	0.00266366
2799	0.00252301
2800	0.00243815
2801	0.0026235
2802	0.00264936
2803	0.00260797
2804	0.00271853
2805	0.00256739
2806	0.00242078
2807	0.00257927
2808	0.00268088
2809	0.00282041
2810	0.00262169
2811	0.00270948
2812	0.00284409
2813	0.00298229
2814	0.00305285
2815	0.00295891
2816	0.00311636
2817	0.00311217
2818	0.00307251
2819	0.00298348
2820	0.00276112
2821	0.00259451
2822	0.00241412
2823	0.00246626
2824	0.00275854
2825	0.00282744
2826	0.00299131
2827	0.00298227
2828	0.00286657
2829	0.00294582
2830	0.00300038
2831	0.00288793
2832	0.00300477
2833	0.00319824
2834	0.00307237
2835	0.0033113
2836	0.00324549
2837	0.00323261
2838	0.00332949
2839	0.00325257
2840	0.0034857
2841	0.00393934
2842	0.00398021
2843	0.00390816
2844	0.00353721
2845	0.00370821
2846	0.00359616
2847	0.00367946
2848	0.00331468
2849	0.00326894
2850	0.00359341
2851	0.00340993
2852	0.00336763
2853	0.00327682
2854	0.00344041
2855	0.0035021
2856	0.00325224
2857	0.00327809
2858	0.00326892
2859	0.00353929
2860	0.00376297
2861	0.00381806
2862	0.00402418
2863	0.00379063
2864	0.0035682
2865	0.00368292
2866	0.00379172
2867	0.00391157
2868	0.0040265
2869	0.00399601
2870	0.00398862
2871	0.00398324
2872	0.00409702
2873	0.00465025
2874	0.00456083
2875	0.00451036
2876	0.00501721
2877	0.00474995
2878	0.00522481
2879	0.00529787
2880	0.00550042
2881	0.00552356
2882	0.00504215
2883	0.005147
2884	0.00512225
2885	0.00535775
2886	0.00584563
2887	0.00584702
2888	0.00654995
2889	0.00660453
2890	0.0072455
2891	0.00733861
2892	0.00744717
2893	0.00719057
2894	0.00752572
2895	0.00779765
2896	0.0076706
2897	0.00727269
2898	0.00792827
2899	0.00825297
2900	0.00829683
2901	0.00836523
2902	0.00845236
2903	0.00875919
2904	0.00844979
2905	0.00860097
2906	0.00877177
2907	0.00837095
2908	0.00864584
2909	0.00857038
2910	0.00863385
2911	0.00844814
2912	0.00826671
2913	0.00809019
2914	0.00847712
2915	0.00850002
2916	0.0087621
2917	0.00885576
2918	0.00913537
2919	0.00893132
2920	0.00840353
2921	0.00813155
2922	0.00795154
2923	0.00812818
2924	0.00804977
2925	0.00761558
2926	0.00802044
2927	0.00827184
2928	0.00891533
2929	0.00875968
2930	0.00835952
2931	0.0073782
2932	0.00693064
2933	0.00678232
2934	0.00687392
2935	0.0071833
2936	0.00783916
2937	0.00798389
2938	0.00809656
2939	0.00811385
2940	0.00807129
2941	0.00785509
2942	0.00799172
2943	0.00741535
2944	0.00755214
2945	0.00750991
2946	0.00718568
2947	0.00727716
2948	0.0068564
2949	0.00689542
2950	0.00683348
2951	0.00676292
2952	0.006191
2953	0.0055459
2954	0.00523839
2955	0.00518512
2956	0.00584903
2957	0.00527778
2958	0.00532088
2959	0.00491537
2960	0.00491343
2961	0.00491716
2962	0.00460719
2963	0.00429795
2964	0.004637
2965	0.00434087
2966	0.00390039
2967	0.00401587
2968	0.00377173
2969	0.00374013
2970	0.00380448
2971	0.00365291
2972	0.00326778
2973	0.00294061
2974	0.00294402
2975	0.00310266
2976	0.00333654
2977	0.00324544
2978	0.00304941
2979	0.00311343
2980	0.00334558
2981	0.00304769
2982	0.00280174
2983	0.00270417
2984	0.0027361
2985	0.00272516
2986	0.00277119
2987	0.00289148
2988	0.00272344
2989	0.00242033
2990	0.00239861
2991	0.00214627
2992	0.00194129
2993	0.00171663
2994	0.0015382
2995	0.00154639
2996	0.00166809
2997	0.0018926
2998	0.00198162
2999	0.00199252
3000	0.00194145
3001	0.00222087
3002	0.0022909
3003	0.00219837
3004	0.00247562
3005	0.00248832
3006	0.00206553
3007	0.00188866
3008	0.00178358
3009	0.00191619
3010	0.0018138
3011	0.00172661
3012	0.00199451
3013	0.00210727
3014	0.00202544
3015	0.00221438
3016	0.00229337
3017	0.00261178
3018	0.00248765
3019	0.00253324
3020	0.00238415
3021	0.00247022
3022	0.00209003
3023	0.0023084
3024	0.002396
3025	0.00240037
3026	0.00251303
3027	0.00226181
3028	0.0020993
3029	0.00234069
3030	0.00245233
3031	0.0027088
3032	0.0026621
3033	0.00247416
3034	0.00253176
3035	0.00238213
3036	0.0025083
3037	0.00286397
3038	0.00272249
3039	0.00266699
3040	0.0026491
3041	0.00286273
3042	0.00289275
3043	0.00307594
3044	0.00328681
3045	0.00352857
3046	0.00358432
3047	0.00358325
3048	0.00363711
3049	0.0035067
3050	0.00361995
3051	0.00367215
3052	0.00370156
3053	0.00392936
3054	0.00372718
3055	0.0037864
3056	0.0041721
3057	0.00457571
3058	0.00485036
3059	0.00434122
3060	0.0047016
3061	0.00436197
3062	0.00438555
3063	0.00432071
3064	0.00453164
3065	0.00469254
3066	0.00459898
3067	0.00483486
3068	0.00501039
3069	0.00498365
3070	0.00487037
3071	0.00522625
3072	0.00528114
3073	0.00579061
3074	0.0058509
3075	0.00588126
3076	0.00590903
3077	0.00635096
3078	0.00636153
3079	0.00623852
3080	0.00703417
3081	0.00732885
3082	0.00718893
3083	0.00712581
3084	0.00653363
3085	0.0067538
3086	0.00632224
3087	0.00668219
3088	0.00682059
3089	0.00650754
3090	0.00710546
3091	0.00673203
3092	0.00725412
3093	0.00708057
3094	0.00671216
3095	0.00738301
3096	0.0076517
3097	0.00761419
3098	0.00760782
3099	0.00791235
3100	0.00769739
3101	0.00773779
3102	0.00810052
3103	0.00880557
3104	0.00893871
3105	0.00901393
3106	0.00915475
3107	0.00915624
3108	0.00976047
3109	0.00984103
3110	0.0100346
3111	0.0102578
3112	0.010034
3113	0.00950251
3114	0.00989903
3115	0.00976051
3116	0.00990097
3117	0.00955979
3118	0.00963253
3119	0.00953728
3120	0.00902318
3121	0.00909139
3122	0.00942645
3123	0.00971684
3124	0.0098414
3125	0.0101722
3126	0.0101643
3127	0.00990677
3128	0.00986712
3129	0.00912023
3130	0.00855592
3131	0.00798288
3132	0.00816404
3133	0.00824001
3134	0.00825509
3135	0.00785828
3136	0.00772588
3137	0.00744614
3138	0.00716455
3139	0.00705843
3140	0.0067228
3141	0.00655157
3142	0.00606033
3143	0.0060344
3144	0.00598219
3145	0.005822
3146	0.0054252
3147	0.00569574
3148	0.00548043
3149	0.00547489
3150	0.00498229
3151	0.00486331
3152	0.00498521
3153	0.00462331
3154	0.004408
3155	0.00459269
3156	0.00464745
3157	0.00441839
3158	0.00433049
3159	0.00427307
3160	0.00361625
3161	0.00335333
3162	0.00311072
3163	0.00342515
3164	0.00338278
3165	0.0033358
3166	0.00344119
3167	0.00307049
3168	0.00275154
3169	0.00298507
3170	0.00294032
3171	0.00292191
3172	0.00271989
3173	0.00285697
3174	0.00284806
3175	0.00269479
3176	0.00290693
3177	0.00240401
3178	0.00234794
3179	0.00240517
3180	0.00256469
3181	0.00258706
3182	0.00248347
3183	0.00218389
3184	0.00220294
3185	0.0022087
3186	0.0022026
3187	0.00207268
3188	0.00207865
3189	0.00198115
3190	0.00189354
3191	0.00181867
3192	0.00191947
3193	0.00218915
3194	0.00218601
3195	0.00221722
3196	0.00232348
3197	0.00224404
3198	0.00225478
3199	0.00222579
3200	0.00229462
3201	0.00240674
3202	0.00238526
3203	0.00235748
3204	0.00234242
3205	0.00229728
3206	0.00231473
3207	0.00222229
3208	0.00196293
3209	0.00211792
3210	0.00202469
3211	0.00201388
3212	0.00203189
3213	0.00210643
3214	0.00241982
3215	0.0026647
3216	0.00258561
3217	0.0025868
3218	0.00244749
3219	0.00203935
3220	0.00207732
3221	0.00216575
3222	0.00239036
3223	0.0021472
3224	0.00216695
3225	0.00223238
3226	0.00215286
3227	0.00245043
3228	0.0023881
3229	0.00236122
3230	0.00248401
3231	0.00246553
3232	0.00269828
3233	0.00273072
3234	0.00238224
3235	0.00243506
3236	0.00242741
3237	0.00257669
3238	0.00233235
3239	0.00245753
3240	0.00280287
3241	0.00284335
3242	0.00280882
3243	0.00271601
3244	0.00270794
3245	0.0032412
3246	0.00327389
3247	0.00312117
3248	0.00306657
3249	0.003113
3250	0.00279662
3251	0.00290466
3252	0.00274451
3253	0.00252689
3254	0.00263242
3255	0.0028181
3256	0.00316597
3257	0.00363039
3258	0.00379037
3259	0.0037791
3260	0.00372674
3261	0.00367501
3262	0.00390352
3263	0.00360838
3264	0.00367454
3265	0.0037143
3266	0.003846
3267	0.00356995
3268	0.00345521
3269	0.0041326
3270	0.00423958
3271	0.00445239
3272	0.00449119
3273	0.00498169
3274	0.004941
3275	0.0049977
3276	0.00536381
3277	0.00539695
3278	0.00539855
3279	0.005545
3280	0.00554753
3281	0.00571309
3282	0.0057137
3283	0.00575539
3284	0.00632703
3285	0.00672448
3286	0.00720968
3287	0.00763046
3288	0.0071535
3289	0.00704993
3290	0.0075937
3291	0.00766563
3292	0.00817566
3293	0.0084025
3294	0.00883084
3295	0.00860571
3296	0.00925155
3297	0.0102275
3298	0.00996139
3299	0.0103776
3300	0.0102361
3301	0.00993384
3302	0.0108181
3303	0.0108074
3304	0.0109273
3305	0.0104979
3306	0.0100142
3307	0.0100002
3308	0.0100816
3309	0.0101526
3310	0.00991464
3311	0.0104477
3312	0.0103902
3313	0.0104814
3314	0.0104198
3315	0.0104354
3316	0.0103201
3317	0.010016
3318	0.00990234
3319	0.00977683
3320	0.0100788
3321	0.0106811
3322	0.00987202
3323	0.0100669
3324	0.0104563
3325	0.00993478
3326	0.00933625
3327	0.00919031
3328	0.00934011
3329	0.00979366
3330	0.00904208
3331	0.00882631
3332	0.00860232
3333	0.00845653
3334	0.00840951
3335	0.00842738
3336	0.00813567
3337	0.007512
3338	0.00767122
3339	0.00688225
3340	0.00649567
3341	0.00635487
3342	0.0056191
3343	0.00531839
3344	0.00550818
3345	0.00533503
3346	0.00506168
3347	0.00515439
3348	0.00550626
3349	0.00532507
3350	0.00569887
3351	0.00532564
3352	0.00480329
3353	0.00453354
3354	0.00434696
3355	0.00423973
3356	0.00406794
3357	0.00400303
3358	0.003826
3359	0.00382134
3360	0.00332794
3361	0.00310938
3362	0.0030137
3363	0.00314192
3364	0.00295577
3365	0.00310969
3366	0.00309462
3367	0.00310931
3368	0.00321863
3369	0.00350734
3370	0.00353957
3371	0.00325348
3372	0.00284599
3373	0.00323476
3374	0.00339262
3375	0.00322805
3376	0.00315341
3377	0.00273415
3378	0.00270953
3379	0.00257413
3380	0.00255922
3381	0.00256025
3382	0.0026191
3383	0.00244218
3384	0.00236484
3385	0.00259099
3386	0.00239282
3387	0.00246124
3388	0.00238186
3389	0.00210158
3390	0.00223054
3391	0.00235753
3392	0.00236549
3393	0.00264915
3394	0.00265992
3395	0.00280457
3396	0.00253231
3397	0.00232665
3398	0.00216906
3399	0.00213331
3400	0.00229978
3401	0.00222215
3402	0.0023633
3403	0.00238985
3404	0.00244204
3405	0.00246043
3406	0.00224012
3407	0.00197857
3408	0.00168009
3409	0.00187691
3410	0.00167405
3411	0.0017308
3412	0.00183492
3413	0.0017331
3414	0.00163186
3415	0.00156535
3416	0.00164503
3417	0.001667
3418	0.00179282
3419	0.00171931
3420	0.00165034
3421	0.00150462
3422	0.00130071
3423	0.00134506
3424	0.00151118
3425	0.00156123
3426	0.00169527
3427	0.00186442
3428	0.00172691
3429	0.00175908
3430	0.00157631
3431	0.00152698
3432	0.0015187
3433	0.00141214
3434	0.00137254
3435	0.00148224
3436	0.00143944
3437	0.0015938
3438	0.00164431
3439	0.00182479
3440	0.00195646
3441	0.00189043
3442	0.00192483
3443	0.002025
3444	0.00195427
3445	0.00182407
3446	0.0017419
3447	0.00171414
3448	0.00181596
3449	0.00199862
3450	0.00226281
3451	0.00194497
3452	0.00195977
3453	0.00217001
3454	0.00210144
3455	0.00223969
3456	0.00260542
3457	0.00266646
3458	0.00247663
3459	0.003016
3460	0.00300479
3461	0.00301208
3462	0.00276692
3463	0.00306502
3464	0.00311198
3465	0.00331501
3466	0.00372843
3467	0.00375405
3468	0.00387292
3469	0.0042203
3470	0.00485723
3471	0.0049036
3472	0.00539297
3473	0.00577023
3474	0.00576668
3475	0.00623367
3476	0.00618873
3477	0.00697321
3478	0.00748896
3479	0.00766803
3480	0.00778421
3481	0.00767557
3482	0.0084192
3483	0.00854388
3484	0.00855047
3485	0.00831822
3486	0.00928205
3487	0.00962837
3488	0.00948923
3489	0.009881
3490	0.0101836
3491	0.0108238
3492	0.0109723
3493	0.0110977
3494	0.0107541
3495	0.0109673
3496	0.0114201
3497	0.0115806
3498	0.0121055
3499	0.0121871
3500	0.0124278
3501	0.0123334
3502	0.0116528
3503	0.0118247
3504	0.0114043
3505	0.0116532
3506	0.0114621
3507	0.0118224
3508	0.0112115
3509	0.0111229
3510	0.0108656
3511	0.0121444
3512	0.0126395
3513	0.0115446
3514	0.0113114
3515	0.0110926
3516	0.0104637
3517	0.0104147
3518	0.00959939
3519	0.00985573
3520	0.00966045
3521	0.00982574
3522	0.00957233
3523	0.0090797
3524	0.00841216
3525	0.00863226
3526	0.00836215
3527	0.00792587
3528	0.00770175
3529	0.00716658
3530	0.00673025
3531	0.00636341
3532	0.00618826
3533	0.0064241
3534	0.00605472
3535	0.00560128
3536	0.00585697
3537	0.00554178
3538	0.00563054
3539	0.00561042
3540	0.0055489
3541	0.00563105
3542	0.00549622
3543	0.00533535
3544	0.00502416
3545	0.0046319
3546	0.00463027
3547	0.00452241
3548	0.0047398
3549	0.00455424
3550	0.00414432
3551	0.00419137
3552	0.00449918
3553	0.00442597
3554	0.00441924
3555	0.00444823
3556	0.00420688
3557	0.00412162
3558	0.0039307
3559	0.0039994
3560	0.00388994
3561	0.00360623
3562	0.00380811
3563	0.00393595
3564	0.00397119
3565	0.00449982
3566	0.00436493
3567	0.00370661
3568	0.00330767
3569	0.00311044
3570	0.00327956
3571	0.00343765
3572	0.00331935
3573	0.00294917
3574	0.00293895
3575	0.00261079
3576	0.00239331
3577	0.00245685
3578	0.00266673
3579	0.0026797
3580	0.00256949
3581	0.0026447
3582	0.00272418
3583	0.00291017
3584	0.00309087
3585	0.00307187
3586	0.00301449
3587	0.00284893
3588	0.00291173
3589	0.00315208
3590	0.00313037
3591	0.00281213
3592	0.00254915
3593	0.0027774
3594	0.00298363
3595	0.00246487
3596	0.00276328
3597	0.00277524
3598	0.00256411
3599	0.00238811
3600	0.00232802
3601	0.00210798
3602	0.00220254
3603	0.00224696
3604	0.00226795
3605	0.00198835
3606	0.00205728
3607	0.00197519
3608	0.00193549
3609	0.00191433
3610	0.00167089
3611	0.00173259
3612	0.00169195
3613	0.0017588
3614	0.00153009
3615	0.00165153
3616	0.00159607
3617	0.00165125
3618	0.00177186
3619	0.0015168
3620	0.00131233
3621	0.00143719
3622	0.00151639
3623	0.00155336
3624	0.00123425
3625	0.00125426
3626	0.00133297
3627	0.00134171
3628	0.00130497
3629	0.00145549
3630	0.00164637
3631	0.00156484
3632	0.00152316
3633	0.00166244
3634	0.00204996
3635	0.00199333
3636	0.00201351
3637	0.00198776
3638	0.00249342
3639	0.00240491
3640	0.00265871
3641	0.00257783
3642	0.00303191
3643	0.00277259
3644	0.00325753
3645	0.00332376
3646	0.00340169
3647	0.00351942
3648	0.00364331
3649	0.00398667
3650	0.00384416
3651	0.00360152
3652	0.00411755
3653	0.0039917
3654	0.00408556
3655	0.00462285
3656	0.00462891
3657	0.0047203
3658	0.00474941
3659	0.00484171
3660	0.00471954
3661	0.00480576
3662	0.00531283
3663	0.00576578
3664	0.0054761
3665	0.00543972
3666	0.00542904
3667	0.00556753
3668	0.00576116
3669	0.0059949
3670	0.00584242
3671	0.00604021
3672	0.00549748
3673	0.00594908
3674	0.00629342
3675	0.0064898
3676	0.00637098
3677	0.0067043
3678	0.00630997
3679	0.00650085
3680	0.00651974
3681	0.00665912
3682	0.00659916
3683	0.00647761
3684	0.00629609
3685	0.00623307
3686	0.0062024
3687	0.00668575
3688	0.00675732
3689	0.00682897
3690	0.00730159
3691	0.00759519
3692	0.00739152
3693	0.00703808
3694	0.00743204
3695	0.00748403
3696	0.00764849
3697	0.00811552
3698	0.00792207
3699	0.00813599
3700	0.00832758
3701	0.00773073
3702	0.00815513
3703	0.007767
3704	0.00766369
3705	0.00785079
3706	0.00783169
3707	0.00795661
3708	0.0078829
3709	0.00788535
3710	0.00782464
3711	0.00743814
3712	0.00709856
3713	0.00677394
3714	0.00710347
3715	0.00770056
3716	0.00754318
3717	0.00791292
3718	0.00790939
3719	0.00803687
3720	0.00795632
3721	0.00800604
3722	0.00792691
3723	0.0078165
3724	0.0081979
3725	0.0077371
3726	0.0077867
3727	0.00693274
3728	0.00705574
3729	0.00706231
3730	0.0072502
3731	0.00706011
3732	0.006725
3733	0.00691006
3734	0.00700923
3735	0.00712917
3736	0.00728428
3737	0.00674073
3738	0.00628736
3739	0.0063999
3740	0.00654592
3741	0.00647639
3742	0.00640803
3743	0.00610233
3744	0.00606048
3745	0.00605125
3746	0.00592942
3747	0.00596065
3748	0.00592193
3749	0.00595394
3750	0.00592345
3751	0.0060991
3752	0.00593695
3753	0.00592781
3754	0.00584399
3755	0.00564047
3756	0.00524046
3757	0.00553591
3758	0.00560431
3759	0.00515292
3760	0.00471041
3761	0.00469437
3762	0.00439314
3763	0.00410805
3764	0.00398542
3765	0.00428112
3766	0.00437533
3767	0.00406592
3768	0.00404075
3769	0.00395718
3770	0.00404561
3771	0.00380908
3772	0.00359579
3773	0.00370758
3774	0.00361421
3775	0.00361007
3776	0.00384349
3777	0.00396835
3778	0.00395465
3779	0.00393045
3780	0.00394236
3781	0.00374539
3782	0.00328055
3783	0.00341448
3784	0.00312438
3785	0.00308923
3786	0.00307955
3787	0.00294579
3788	0.00277152
3789	0.00285562
3790	0.00269402
3791	0.00280625
3792	0.00292563
3793	0.00264032
3794	0.00263125
3795	0.00253524
3796	0.00246822
3797	0.0026386
3798	0.00273546
3799	0.00244132
3800	0.00221129
3801	0.00214747
3802	0.00201139
3803	0.00222751
3804	0.00202852
3805	0.00191307
3806	0.00200005
3807	0.00210421
3808	0.00213841
3809	0.00213868
3810	0.00225838
3811	0.00223725
3812	0.00226832
3813	0.00223394
3814	0.00199275
3815	0.00167969
3816	0.00203768
3817	0.00175559
3818	0.00188027
3819	0.00209209
3820	0.0020765
3821	0.00218604
3822	0.00239268
3823	0.0026321
3824	0.00269434
3825	0.00255813
3826	0.00250223
3827	0.00230497
3828	0.0026509
3829	0.00275901
3830	0.00269056
3831	0.00254907
3832	0.00281888
3833	0.00302601
3834	0.0031729
3835	0.00392686
3836	0.00410503
3837	0.00428684
3838	0.00414426
3839	0.00391929
3840	0.00432571
3841	0.00443294
3842	0.00418075
3843	0.00388262
3844	0.00384582
3845	0.0038191
3846	0.00443937
3847	0.0048591
3848	0.00510842
3849	0.00540099
3850	0.00528897
3851	0.00527347
3852	0.0056499
3853	0.00558293
3854	0.0055755
3855	0.00591614
3856	0.00577299
3857	0.00609972
3858	0.00595992
3859	0.00617752
3860	0.00641366
3861	0.00588983
3862	0.00599413
3863	0.00588045
3864	0.00560516
3865	0.00534531
3866	0.00562593
3867	0.00542138
3868	0.00566857
3869	0.00565961
3870	0.00586686
3871	0.00575394
3872	0.00590884
3873	0.00560722
3874	0.00555482
3875	0.00540747
3876	0.0052102
3877	0.00509568
3878	0.00513176
3879	0.00478938
3880	0.00475699
3881	0.00491846
3882	0.00487738
3883	0.0047433
3884	0.00469022
3885	0.00451027
3886	0.00489629
3887	0.00502098
3888	0.00497538
3889	0.00470554
3890	0.00492075
3891	0.00561031
3892	0.00561428
3893	0.00608286
3894	0.00560984
3895	0.00573847
3896	0.00576187
3897	0.00540145
3898	0.0050111
3899	0.00499716
3900	0.00498328
3901	0.00500285
3902	0.00491166
3903	0.00518249
3904	0.00542799
3905	0.00540891
3906	0.00562469
3907	0.00603145
3908	0.0061333
3909	0.00630689
3910	0.00573107
3911	0.00611749
3912	0.00576917
3913	0.00626865
3914	0.00636322
3915	0.00670812
3916	0.00595805
3917	0.00613795
3918	0.00667512
3919	0.00666194
3920	0.00698562
3921	0.00677175
3922	0.00672876
3923	0.00662052
3924	0.00668366
3925	0.00679274
3926	0.00662237
3927	0.00690337
3928	0.00666331
3929	0.00633877
3930	0.00654996
3931	0.00664212
3932	0.0066093
3933	0.00674267
3934	0.00685449
3935	0.00677105
3936	0.00674827
3937	0.0072288
3938	0.00709784
3939	0.006529
3940	0.00672051
3941	0.00650681
3942	0.00695768
3943	0.00727707
3944	0.00692023
3945	0.00677049
3946	0.00675273
3947	0.00633437
3948	0.0064697
3949	0.00614392
3950	0.00575416
3951	0.00569117
3952	0.00579567
3953	0.00592382
3954	0.00566611
3955	0.00568505
3956	0.00524888
3957	0.00506374
3958	0.00488362
3959	0.00464249
3960	0.00470587
3961	0.0047914
3962	0.00510586
3963	0.00509158
3964	0.00511773
3965	0.00475594
3966	0.00495451
3967	0.00462707
3968	0.00436777
3969	0.00435637
3970	0.00465571
3971	0.00453786
3972	0.00464865
3973	0.0044586
3974	0.00437677
3975	0.00447856
3976	0.00434603
3977	0.00405449
3978	0.00388138
3979	0.00372408
3980	0.0036896
3981	0.00368949
3982	0.00326456
3983	0.00328458
3984	0.00353596
3985	0.00370065
3986	0.00388974
3987	0.00350619
3988	0.003477
3989	0.00314295
3990	0.00317334
3991	0.00300042
3992	0.00288259
3993	0.00298121
3994	0.00314927
3995	0.00260527
3996	0.00248676
3997	0.00267475
3998	0.00296034
3999	0.00315806
4000	0.00275874
4001	0.00246404
4002	0.00233027
4003	0.00278588
4004	0.00279609
4005	0.00269093
4006	0.00291321
4007	0.00270618
4008	0.00295281
4009	0.00284483
4010	0.00302198
4011	0.00307278
4012	0.00308151
4013	0.00323923
4014	0.00365041
4015	0.00367855
4016	0.00365581
4017	0.00333932
4018	0.00308166
4019	0.00311617
4020	0.00332646
4021	0.00357193
4022	0.00343611
4023	0.0034741
4024	0.00364999
4025	0.00368166
4026	0.00367297
4027	0.00368887
4028	0.00376941
4029	0.00379039
4030	0.00411375
4031	0.00409452
4032	0.00427446
4033	0.00467908
4034	0.0046258
4035	0.00485717
4036	0.00519735
4037	0.00573293
4038	0.00560523
4039	0.00565125
4040	0.00570792
4041	0.00599135
4042	0.00599748
4043	0.00610773
4044	0.00581458
4045	0.00589274
4046	0.00568653
4047	0.00555797
4048	0.00542421
4049	0.0054705
4050	0.00548831
4051	0.00512357
4052	0.00498833
4053	0.00465626
4054	0.00437924
4055	0.00436877
4056	0.00427036
4057	0.00435179
4058	0.00505292
4059	0.00526462
4060	0.00486456
4061	0.00513116
4062	0.00497009
4063	0.00483881
4064	0.00523213
4065	0.00467852
4066	0.00430957
4067	0.00424955
4068	0.00404257
4069	0.00432139
4070	0.00449237
4071	0.00427127
4072	0.00440379
4073	0.00412001
4074	0.00395225
4075	0.00465183
4076	0.00426698
4077	0.00400588
4078	0.00421454
4079	0.00412319
4080	0.00463357
4081	0.00469288
4082	0.00507348
4083	0.00500262
4084	0.00440565
4085	0.00457913
4086	0.00494499
4087	0.00484479
4088	0.00468535
4089	0.00487683
4090	0.00470529
4091	0.00487734
4092	0.0045515
4093	0.00488171
4094	0.00516903
4095	0.00566211
4096	0.00631778
4097	0.00665362
4098	0.00675711
4099	0.00613623
4100	0.00630481
4101	0.00608696
4102	0.00629292
4103	0.00606231
4104	0.0060057
4105	0.00592188
4106	0.00554393
4107	0.005413
4108	0.00528549
4109	0.00529357
4110	0.00524058
4111	0.00491948
4112	0.00496554
4113	0.00492218
4114	0.00501967
4115	0.00505922
4116	0.00562665
4117	0.00574437
4118	0.00559777
4119	0.00549749
4120	0.00516324
4121	0.00508665
4122	0.00519055
4123	0.00520499
4124	0.00541912
4125	0.00546298
4126	0.00519432
4127	0.00513479
4128	0.00544658
4129	0.00526612
4130	0.00513963
4131	0.00499268
4132	0.00487784
4133	0.0048628
4134	0.00531753
4135	0.00544949
4136	0.00556605
4137	0.0058782
4138	0.00619239
4139	0.00633391
4140	0.00637481
4141	0.00587603
4142	0.00597413
4143	0.00613113
4144	0.00646268
4145	0.0063271
4146	0.00618609
4147	0.00585613
4148	0.00581639
4149	0.00610493
4150	0.00572763
4151	0.00559847
4152	0.00512325
4153	0.0049685
4154	0.00461776
4155	0.00491485
4156	0.00504354
4157	0.00471114
4158	0.00488215
4159	0.00472626
4160	0.00513935
4161	0.00490417
4162	0.00433789
4163	0.00472382
4164	0.004792
4165	0.00482616
4166	0.00453069
4167	0.00475553
4168	0.00468405
4169	0.00484777
4170	0.00500801
4171	0.00464719
4172	0.00459754
4173	0.00490232
4174	0.0045727
4175	0.00402139
4176	0.00381334
4177	0.00373867
4178	0.0039529
4179	0.00409031
4180	0.00327515
4181	0.00322534
4182	0.00324753
4183	0.00343677
4184	0.00350301
4185	0.0031689
4186	0.00310523
4187	0.0030701
4188	0.0032513
4189	0.00320227
4190	0.00338711
4191	0.00366491
4192	0.00361757
4193	0.0035092
4194	0.00350983
4195	0.00369921
4196	0.00368177
4197	0.00357938
4198	0.00368949
4199	0.00364257
4200	0.00406684
4201	0.00407264
4202	0.00384339
4203	0.00346072
4204	0.003372
4205	0.00347756
4206	0.00392391
4207	0.00410346
4208	0.00432025
4209	0.00447431
4210	0.00449771
4211	0.00433846
4212	0.00426331
4213	0.00401252
4214	0.00420263
4215	0.0043877
4216	0.00457919
4217	0.00436868
4218	0.00446547
4219	0.00433854
4220	0.00423585
4221	0.00428742
4222	0.00421488
4223	0.00441396
4224	0.00458046
4225	0.00471338
4226	0.00480895
4227	0.00480118
4228	0.00490236
4229	0.00509326
4230	0.00529762
4231	0.00566207
4232	0.00598154
4233	0.00655768
4234	0.00672891
4235	0.00617025
4236	0.00626491
4237	0.00622832
4238	0.00672622
4239	0.00615285
4240	0.00605579
4241	0.0059297
4242	0.00589775
4243	0.00576238
4244	0.00587971
4245	0.00616905
4246	0.00609915
4247	0.0061729
4248	0.00622506
4249	0.00646193
4250	0.0060198
4251	0.00599793
4252	0.00535132
4253	0.00525581
4254	0.00512566
4255	0.00551994
4256	0.00509127
4257	0.00522613
4258	0.00527626
4259	0.00532427
4260	0.00539739
4261	0.00550161
4262	0.00594304
4263	0.00591387
4264	0.00591876
4265	0.00581623
4266	0.0053399
4267	0.00500599
4268	0.00513213
4269	0.00537409
4270	0.00507069
4271	0.00515672
4272	0.0051652
4273	0.00506732
4274	0.00546734
4275	0.00534859
4276	0.00526158
4277	0.00542223
4278	0.00558289
4279	0.00576009
4280	0.00538428
4281	0.00538504
4282	0.00542377
4283	0.00555625
4284	0.00582918
4285	0.00621044
4286	0.00578931
4287	0.00590375
4288	0.00582842
4289	0.00604787
4290	0.00619351
4291	0.00608414
4292	0.00596916
4293	0.00590175
4294	0.00554006
4295	0.00519411
4296	0.00521203
4297	0.00496192
4298	0.0049949
4299	0.00483317
4300	0.00472758
4301	0.00469051
4302	0.00465802
4303	0.00481545
4304	0.00456845
4305	0.00442298
4306	0.00419122
4307	0.00439284
4308	0.0041324
4309	0.00386595
4310	0.00377925
4311	0.00375338
4312	0.00388601
4313	0.00393526
4314	0.00416399
4315	0.00390245
4316	0.00380757
4317	0.00424457
4318	0.00447507
4319	0.00439341
4320	0.0043336
4321	0.0042942
4322	0.00405534
4323	0.00446889
4324	0.00484953
4325	0.00492753
4326	0.00482485
4327	0.00440005
4328	0.00403494
4329	0.00451462
4330	0.00455991
4331	0.00484129
4332	0.00496202
4333	0.00459592
4334	0.00454546
4335	0.00493054
4336	0.00494588
4337	0.00455392
4338	0.00461164
4339	0.00459716
4340	0.00449018
4341	0.00463166
4342	0.00455279
4343	0.00427883
4344	0.00411808
4345	0.00452996
4346	0.00459
4347	0.00450997
4348	0.00412497
4349	0.00428259
4350	0.00425226
4351	0.00426014
4352	0.00441211
4353	0.00442358
4354	0.00449118
4355	0.00448863
4356	0.00475586
4357	0.00476008
4358	0.00464184
4359	0.00437307
4360	0.00488231
4361	0.00459937
4362	0.00457049
4363	0.00444693
4364	0.00427044
4365	0.00380149
4366	0.00372132
4367	0.00396243
4368	0.00411584
4369	0.00445472
4370	0.00436205
4371	0.00446542
4372	0.00466173
4373	0.00459957
4374	0.00462471
4375	0.00479619
4376	0.00466873
4377	0.00441734
4378	0.00431399
4379	0.00421678
4380	0.00423391
4381	0.0045171
4382	0.00412654
4383	0.0040295
4384	0.00411869
4385	0.0045052
4386	0.00420486
4387	0.00390301
4388	0.00440637
4389	0.00412513
4390	0.00389007
4391	0.00402517
4392	0.00385081
4393	0.00379914
4394	0.00358556
4395	0.00352105
4396	0.00401173
4397	0.00399839
4398	0.00372442
4399	0.00369654
4400	0.00413969
4401	0.00395581
4402	0.00385519
4403	0.00398927
4404	0.0045389
4405	0.00471416
4406	0.00465597
4407	0.00454224
4408	0.00477975
4409	0.00478389
4410	0.00492926
4411	0.00455372
4412	0.0050888
4413	0.00514893
4414	0.00547214
4415	0.00601156
4416	0.00570512
4417	0.0051432
4418	0.00531583
4419	0.00542255
4420	0.00573069
4421	0.0059207
4422	0.00552517
4423	0.00523773
4424	0.00529353
4425	0.00519365
4426	0.00533047
4427	0.00534024
4428	0.0052974
4429	0.00500284
4430	0.00533261
4431	0.00554391
4432	0.00572122
4433	0.00554527
4434	0.00585481
4435	0.00579179
4436	0.00592719
4437	0.00570488
4438	0.00634548
4439	0.00659222
4440	0.00667434
4441	0.00712885
4442	0.00691843
4443	0.00645458
4444	0.00670418
4445	0.00706574
4446	0.00725303
4447	0.00713468
4448	0.00704777
4449	0.00674351
4450	0.00656155
4451	0.00638906
4452	0.00610865
4453	0.00597153
4454	0.00599356
4455	0.00593504
4456	0.00594697
4457	0.00575618
4458	0.00615933
4459	0.00624559
4460	0.00674311
4461	0.00619161
4462	0.00621463
4463	0.00625815
4464	0.00661955
4465	0.00589328
4466	0.00583733
4467	0.00630765
4468	0.00588797
4469	0.00589356
4470	0.00600834
4471	0.00629338
4472	0.00662503
4473	0.00634169
4474	0.00651394
4475	0.00650876
4476	0.00622189
4477	0.00589264
4478	0.00545606
4479	0.00554016
4480	0.0056153
4481	0.0055327
4482	0.00561711
4483	0.00531813
4484	0.00502316
4485	0.00473755
4486	0.00436368
4487	0.00427415
4488	0.0042521
4489	0.0041749
4490	0.00459353
4491	0.00456064
4492	0.0045169
4493	0.00433449
4494	0.00450398
4495	0.00429773
4496	0.00455689
4497	0.00454095
4498	0.00412177
4499	0.00385922
4500	0.003903
4501	0.00358712
4502	0.00374342
4503	0.00398288
4504	0.00409127
4505	0.00397667
4506	0.00401942
4507	0.0039882
4508	0.00393104
4509	0.00397665
4510	0.00390758
4511	0.00389899
4512	0.00376642
4513	0.0037314
4514	0.0037058
4515	0.00398302
4516	0.00411028
4517	0.00402562
4518	0.00430084
4519	0.00425561
4520	0.0041762
4521	0.0044606
4522	0.00425075
4523	0.00413241
4524	0.00399629
4525	0.00368509
4526	0.00386259
4527	0.00389364
4528	0.00379063
4529	0.00358337
4530	0.00346262
4531	0.00353375
4532	0.00357949
4533	0.00375741
4534	0.00394477
4535	0.00383901
4536	0.00398063
4537	0.00438259
4538	0.00444108
4539	0.00474081
4540	0.00463403
4541	0.00454382
4542	0.00448711
4543	0.00444847
4544	0.00447753
4545	0.00486502
4546	0.00484483
4547	0.00477294
4548	0.00471615
4549	0.00457291
4550	0.00473567
4551	0.00476781
4552	0.00527342
4553	0.00503629
4554	0.00474208
4555	0.0046181
4556	0.004769
4557	0.00455026
4558	0.00463264
4559	0.00415127
4560	0.00366056
4561	0.00383857
4562	0.00365102
4563	0.00345957
4564	0.00316556
4565	0.00324295
4566	0.00349487
4567	0.00359652
4568	0.00387538
4569	0.00373981
4570	0.00373767
4571	0.00365296
4572	0.00319123
4573	0.00333194
4574	0.00352604
4575	0.00359601
4576	0.00365775
4577	0.00362442
4578	0.00375323
4579	0.00362276
4580	0.00370225
4581	0.00381577
4582	0.0038563
4583	0.00367974
4584	0.00364363
4585	0.00358158
4586	0.0037121
4587	0.00324951
4588	0.00342071
4589	0.00362355
4590	0.00375245
4591	0.00382449
4592	0.00407928
4593	0.00423993
4594	0.00433718
4595	0.00380541
4596	0.00341607
4597	0.00378988
4598	0.00367421
4599	0.00370865
4600	0.00402739
4601	0.00429441
4602	0.00442188
4603	0.00415209
4604	0.00449123
4605	0.00453325
4606	0.00478871
4607	0.00507774
4608	0.00527671
4609	0.0055884
4610	0.00531088
4611	0.00545388
4612	0.00555376
4613	0.00563569
4614	0.00578301
4615	0.00607542
4616	0.00638621
4617	0.00709841
4618	0.00702175
4619	0.00688045
4620	0.00695999
4621	0.00733701
4622	0.0069066
4623	0.00717994
4624	0.00706449
4625	0.00712095
4626	0.00735397
4627	0.00735116
4628	0.00723114
4629	0.00703707
4630	0.00660728
4631	0.00673052
4632	0.00706591
4633	0.00677926
4634	0.00689718
4635	0.00679936
4636	0.00673895
4637	0.00660904
4638	0.00683143
4639	0.00691574
4640	0.00710372
4641	0.00741665
4642	0.00771562
4643	0.00729212
4644	0.00736364
4645	0.00758533
4646	0.0076689
4647	0.00713257
4648	0.00722244
4649	0.00693813
4650	0.00649705
4651	0.00685846
4652	0.00675984
4653	0.00710654
4654	0.00703968
4655	0.00730514
4656	0.00660267
4657	0.00657768
4658	0.00656717
4659	0.00610605
4660	0.006144
4661	0.00600155
4662	0.00593894
4663	0.00580576
4664	0.00610405
4665	0.00617507
4666	0.00615079
4667	0.00580113
4668	0.00522831
4669	0.00532922
4670	0.0056485
4671	0.00574626
4672	0.0058072
4673	0.00571201
4674	0.00570404
4675	0.00522655
4676	0.00515929
4677	0.00529553
4678	0.00469953
4679	0.00436019
4680	0.00449944
4681	0.00448602
4682	0.0044936
4683	0.00465294
4684	0.00476154
4685	0.00449127
4686	0.00459095
4687	0.00497118
4688	0.00469737
4689	0.00428364
4690	0.00421148
4691	0.00415477
4692	0.00359317
4693	0.00357411
4694	0.00373453
4695	0.00382783
4696	0.00399848
4697	0.00401329
4698	0.00402316
4699	0.00376287
4700	0.00364655
4701	0.00357067
4702	0.00330999
4703	0.00372299
4704	0.00408191
4705	0.00430838
4706	0.00395332
4707	0.00400908
4708	0.00443432
4709	0.00428942
4710	0.00488473
4711	0.00441475
4712	0.00456522
4713	0.00458325
4714	0.00429475
4715	0.00413573
4716	0.00396505
4717	0.00420094
4718	0.00374812
4719	0.00392937
4720	0.00432081
4721	0.00429717
4722	0.00425896
4723	0.00396231
4724	0.00418271
4725	0.00404722
4726	0.00446515
4727	0.0047535
4728	0.00460836
4729	0.0043443
4730	0.00433389
4731	0.00420377
4732	0.00402294
4733	0.00398291
4734	0.00442827
4735	0.00434132
4736	0.00446199
4737	0.00435962
4738	0.0042837
4739	0.00429348
4740	0.00400534
4741	0.00416273
4742	0.00449538
4743	0.00438694
4744	0.00463631
4745	0.00409309
4746	0.00405057
4747	0.0040472
4748	0.00394776
4749	0.003928
4750	0.00379905
4751	0.00378392
4752	0.00388288
4753	0.00380078
4754	0.00383258
4755	0.00374628
4756	0.00419782
4757	0.00434212
4758	0.0037818
4759	0.00375685
4760	0.00346587
4761	0.00332444
4762	0.00295303
4763	0.00281731
4764	0.00278975
4765	0.00296105
4766	0.00273501
4767	0.00280601
4768	0.00286539
4769	0.00270602
4770	0.00264918
4771	0.00250691
4772	0.00234932
4773	0.00250761
4774	0.00273215
4775	0.00275238
4776	0.00296963
4777	0.00314663
4778	0.00313002
4779	0.00336973
4780	0.00328648
4781	0.00323281
4782	0.00327194
4783	0.00351896
4784	0.00373752
4785	0.00411141
4786	0.00405035
4787	0.00396283
4788	0.00392846
4789	0.0042533
4790	0.00412692
4791	0.00375207
4792	0.00381694
4793	0.00386701
4794	0.00367859
4795	0.00423374
4796	0.00414883
4797	0.00421132
4798	0.00405997
4799	0.00460134
4800	0.00441627
4801	0.00489923
4802	0.00479891
4803	0.00528143
4804	0.00549107
4805	0.00550851
4806	0.00547472
4807	0.00540892
4808	0.00595347
4809	0.00629066
4810	0.00609552
4811	0.00615895
4812	0.00632169
4813	0.00669053
4814	0.00674864
4815	0.00668923
4816	0.00664885
4817	0.00628327
4818	0.00618315
4819	0.00588331
4820	0.00597686
4821	0.00612904
4822	0.00583588
4823	0.00608204
4824	0.00657275
4825	0.00653824
4826	0.00714734
4827	0.00732682
4828	0.00702527
4829	0.00737452
4830	0.00781564
4831	0.0078638
4832	0.00802036
4833	0.00772998
4834	0.00704972
4835	0.00709522
4836	0.00736817
4837	0.00787953
4838	0.00801197
4839	0.00694788
4840	0.00770749
4841	0.00782175
4842	0.00767216
4843	0.00735107
4844	0.00741787
4845	0.00739559
4846	0.00682621
4847	0.00684589
4848	0.00688845
4849	0.00717238
4850	0.00746361
4851	0.00765291
4852	0.00747191
4853	0.00715193
4854	0.00713317
4855	0.00702632
4856	0.00698543
4857	0.0066177
4858	0.00670076
4859	0.00684637
4860	0.00724652
4861	0.00707552
4862	0.0069746
4863	0.0071478
4864	0.00710924
4865	0.00712122
4866	0.00665951
4867	0.00632315
4868	0.00636371
4869	0.00660149
4870	0.0059836
4871	0.00605372
4872	0.00570728
4873	0.0057325
4874	0.00566618
4875	0.0047416
4876	0.00440733
4877	0.00455875
4878	0.00476114
4879	0.00491078
4880	0.00493869
4881	0.00505884
4882	0.00459305
4883	0.00469345
4884	0.00461099
4885	0.00391413
4886	0.00366267
4887	0.003621
4888	0.00412044
4889	0.0040777
4890	0.00424251
4891	0.00424557
4892	0.00412581
4893	0.00434639
4894	0.00444228
4895	0.00446168
4896	0.00509711
4897	0.00506909
4898	0.00492997
4899	0.0046301
4900	0.00414417
4901	0.00468046
4902	0.00495165
4903	0.0046724
4904	0.00523711
4905	0.00538283
4906	0.00553874
4907	0.00532165
4908	0.00505351
4909	0.0049163
4910	0.00442127
4911	0.00465683
4912	0.00450142
4913	0.00444371
4914	0.00429243
4915	0.00376257
4916	0.0034959
4917	0.00380224
4918	0.00416005
4919	0.0040982
4920	0.0040715
4921	0.00397339
4922	0.00358356
4923	0.00364934
4924	0.0040114
4925	0.00370672
4926	0.00380176
4927	0.003819
4928	0.003808
4929	0.00323689
4930	0.00303978
4931	0.00314736
4932	0.00318469
4933	0.00329692
4934	0.00339884
4935	0.00357451
4936	0.00337084
4937	0.0036065
4938	0.0035328
4939	0.0036935
4940	0.00368269
4941	0.00359557
4942	0.00379886
4943	0.00339042
4944	0.00295688
4945	0.00299585
4946	0.0029851
4947	0.00319383
4948	0.00317229
4949	0.00277264
4950	0.00241759
4951	0.00217589
4952	0.00238572
4953	0.00228187
4954	0.00227878
4955	0.00222871
4956	0.0023555
4957	0.00249615
4958	0.00271543
4959	0.00278739
4960	0.0027567
4961	0.00309136
4962	0.00295303
4963	0.00292729
4964	0.00285361
4965	0.00336545
4966	0.00350819
4967	0.00379677
4968	0.00362422
4969	0.00348593
4970	0.00317554
4971	0.00288975
4972	0.00305808
4973	0.00333874
4974	0.00342771
4975	0.0037994
4976	0.00354133
4977	0.0036755
4978	0.00412778
4979	0.00380848
4980	0.00369215
4981	0.00334131
4982	0.00350461
4983	0.00368308
4984	0.00353901
4985	0.00322797
4986	0.00346203
4987	0.00338619
4988	0.00338395
4989	0.00364067
4990	0.00391683
4991	0.00371748
4992	0.00385643
4993	0.00431831
4994	0.00443183
4995	0.0043535
4996	0.00416027
4997	0.00404563
4998	0.00410341
4999	0.00398649
5000	0.00360486
5001	0.00385315
5002	0.00386098
5003	0.00428475
5004	0.00442674
5005	0.00434589
5006	0.00468387
5007	0.00497486
5008	0.00509085
5009	0.00520318
5010	0.00513605
5011	0.00509109
5012	0.00530791
5013	0.00538711
5014	0.00537322
5015	0.00548207
5016	0.00548304
5017	0.00558422
5018	0.00543878
5019	0.00572572
5020	0.00592044
5021	0.00600372
5022	0.00648939
5023	0.00669348
5024	0.00706654
5025	0.00700725
5026	0.00690116
5027	0.00689145
5028	0.00716664
5029	0.00683001
5030	0.00692267
5031	0.00758191
5032	0.00745591
5033	0.0076514
5034	0.00755084
5035	0.00744114
5036	0.00729334
5037	0.00761546
5038	0.00810334
5039	0.00791855
5040	0.00788836
5041	0.00686196
5042	0.00710558
5043	0.00688973
5044	0.00644447
5045	0.00665571
5046	0.00659386
5047	0.00631767
5048	0.00658921
5049	0.00685427
5050	0.00716496
5051	0.00741226
5052	0.00730355
5053	0.00739991
5054	0.00841657
5055	0.00866653
5056	0.00864168
5057	0.00847289
5058	0.00831083
5059	0.00780323
5060	0.00759595
5061	0.00765605
5062	0.00752832
5063	0.00745697
5064	0.00746641
5065	0.00722433
5066	0.00690773
5067	0.00671637
5068	0.00639702
5069	0.00596289
5070	0.00583011
5071	0.00596688
5072	0.0056824
5073	0.00599024
5074	0.00578695
5075	0.00536312
5076	0.00508059
5077	0.00491389
5078	0.00506279
5079	0.0056023
5080	0.00516938
5081	0.00530692
5082	0.00536123
5083	0.00549667
5084	0.00545228
5085	0.00508195
5086	0.00536342
5087	0.0054835
5088	0.00562495
5089	0.00560509
5090	0.00512567
5091	0.0050022
5092	0.0049926
5093	0.00458077
5094	0.00466661
5095	0.00449873
5096	0.00430183
5097	0.00408188
5098	0.00380615
5099	0.00379058
5100	0.0040876
5101	0.00429514
5102	0.0043394
5103	0.00447801
5104	0.00391126
5105	0.00393727
5106	0.00384709
5107	0.00358582
5108	0.00359203
5109	0.00358029
5110	0.00357939
5111	0.0037159
5112	0.00416901
5113	0.00421465
5114	0.00463694
5115	0.00420102
5116	0.00436569
5117	0.00426111
5118	0.00420364
5119	0.00392078
5120	0.00389808
5121	0.00413062
5122	0.00434708
5123	0.00457261
5124	0.00450226
5125	0.00446382
5126	0.00457565
5127	0.00421148
5128	0.00429763
5129	0.00420451
5130	0.00437789
5131	0.0042159
5132	0.00424889
5133	0.00419821
5134	0.00396005
5135	0.00388753
5136	0.00389937
5137	0.00407164
5138	0.00387902
5139	0.00369303
5140	0.00365038
5141	0.0035877
5142	0.00308682
5143	0.00316927
5144	0.00324374
5145	0.00316007
5146	0.00310088
5147	0.00319924
5148	0.00312447
5149	0.00320519
5150	0.00343885
5151	0.00323611
5152	0.00319031
5153	0.00289479
5154	0.00308055
5155	0.00276109
5156	0.00254037
5157	0.00257764
5158	0.00242867
5159	0.00222268
5160	0.00262377
5161	0.0024009
5162	0.00270964
5163	0.0026847
5164	0.00264439
5165	0.00250377
5166	0.00303728
5167	0.00301704
5168	0.00290336
5169	0.00313426
5170	0.00314399
5171	0.00317978
5172	0.00349654
5173	0.00367774
5174	0.00354661
5175	0.00355274
5176	0.00356157
5177	0.00357522
5178	0.00375422
5179	0.00360281
5180	0.00396232
5181	0.00398547
5182	0.00399634
5183	0.00386135
5184	0.00369006
5185	0.00340768
5186	0.00306103
5187	0.00311345
5188	0.00297184
5189	0.00317109
5190	0.0033305
5191	0.00313226
5192	0.00322772
5193	0.0034032
5194	0.0033573
5195	0.00349197
5196	0.00346278
5197	0.00342711
5198	0.00378209
5199	0.00377665
5200	0.00375172
5201	0.00382293
5202	0.00413283
5203	0.00392353
5204	0.00411269
5205	0.00384194
5206	0.00368691
5207	0.00374585
5208	0.00420388
5209	0.00416588
5210	0.00421954
5211	0.00433458
5212	0.00456567
5213	0.00447425
5214	0.00446618
5215	0.00449502
5216	0.00433266
5217	0.0044565
5218	0.00494655
5219	0.00536705
5220	0.00542293
5221	0.00557152
5222	0.00560657
5223	0.00614606
5224	0.00653031
5225	0.00669597
5226	0.00720964
5227	0.00718411
5228	0.0070165
5229	0.00742548
5230	0.00707568
5231	0.00707644
5232	0.00658684
5233	0.00658627
5234	0.00723634
5235	0.00680258
5236	0.00712211
5237	0.00702783
5238	0.00713762
5239	0.00728338
5240	0.00728408
5241	0.00689168
5242	0.00710654
5243	0.00732115
5244	0.00712208
5245	0.00698783
5246	0.0069649
5247	0.00685715
5248	0.00636942
5249	0.00681628
5250	0.00651024
5251	0.00643236
5252	0.00620909
5253	0.00610707
5254	0.00647586
5255	0.00665457
5256	0.00689764
5257	0.00712246
5258	0.007333
5259	0.00721595
5260	0.00678471
5261	0.00641052
5262	0.00650311
5263	0.00630452
5264	0.00708532
5265	0.00695911
5266	0.00712473
5267	0.00692916
5268	0.00678816
5269	0.00686123
5270	0.00695085
5271	0.00684479
5272	0.00634862
5273	0.00597492
5274	0.00581198
5275	0.00619467
5276	0.00629205
5277	0.00601851
5278	0.00560239
5279	0.00595704
5280	0.00633283
5281	0.00630066
5282	0.00674419
5283	0.00661454
5284	0.00627511
5285	0.00634352
5286	0.00582759
5287	0.0059944
5288	0.00594663
5289	0.00588002
5290	0.00589027
5291	0.00561617
5292	0.00555753
5293	0.00555819
5294	0.00583414
5295	0.00591338
5296	0.00596418
5297	0.00544529
5298	0.00562843
5299	0.00588761
5300	0.00568594
5301	0.00572327
5302	0.00587107
5303	0.00573001
5304	0.00567122
5305	0.00540962
5306	0.00517961
5307	0.00526669
5308	0.00542109
5309	0.00559657
5310	0.00526169
5311	0.00519094
5312	0.00560275
5313	0.00602066
5314	0.00501181
5315	0.00479541
5316	0.00508574
5317	0.0050719
5318	0.00457471
5319	0.00414793
5320	0.00428
5321	0.00434829
5322	0.00420843
5323	0.00463109
5324	0.00440662
5325	0.00435558
5326	0.00409478
5327	0.00415786
5328	0.00410185
5329	0.00378099
5330	0.00345892
5331	0.00335974
5332	0.00335096
5333	0.00332044
5334	0.00332323
5335	0.00298712
5336	0.00279382
5337	0.00272612
5338	0.00270025
5339	0.00270584
5340	0.0024475
5341	0.00234147
5342	0.00249878
5343	0.00258276
5344	0.00278265
5345	0.00273964
5346	0.00257193
5347	0.00253574
5348	0.00250705
5349	0.00248793
5350	0.00252168
5351	0.00263321
5352	0.00284329
5353	0.00260697
5354	0.00236338
5355	0.00215676
5356	0.00230488
5357	0.00205627
5358	0.00213693
5359	0.00230869
5360	0.00263084
5361	0.00267009
5362	0.0027255
5363	0.00290793
5364	0.00297342
5365	0.00307957
5366	0.0030039
5367	0.00301816
5368	0.0029821
5369	0.00308662
5370	0.00343388
5371	0.00330114
5372	0.00311932
5373	0.00329699
5374	0.00360173
5375	0.00363831
5376	0.00335497
5377	0.00333873
5378	0.0033659
5379	0.00330137
5380	0.00317259
5381	0.00341941
5382	0.00336893
5383	0.00343447
5384	0.00373906
5385	0.00371379
5386	0.00361758
5387	0.00363767
5388	0.00335381
5389	0.00374152
5390	0.0035002
5391	0.00323543
5392	0.0032524
5393	0.0033525
5394	0.00352857
5395	0.00344548
5396	0.00359322
5397	0.00363266
5398	0.00373828
5399	0.00385308
5400	0.00390864
5401	0.00377438
5402	0.00390925
5403	0.00404393
5404	0.00398826
5405	0.00385815
5406	0.0039736
5407	0.00403529
5408	0.00432384
5409	0.00420734
5410	0.00426313
5411	0.00374785
5412	0.00387159
5413	0.00400886
5414	0.00408084
5415	0.00393783
5416	0.00392568
5417	0.00404556
5418	0.00390859
5419	0.00399781
5420	0.00408702
5421	0.0044065
5422	0.00431365
5423	0.0045205
5424	0.00502979
5425	0.00527428
5426	0.00560872
5427	0.00526866
5428	0.00540021
5429	0.00527171
5430	0.00522279
5431	0.00484466
5432	0.00534693
5433	0.00518723
5434	0.00544764
5435	0.00560827
5436	0.0058198
5437	0.00639
5438	0.00609825
5439	0.00622654
5440	0.00680535
5441	0.00664319
5442	0.00655521
5443	0.00604337
5444	0.0067758
5445	0.00641177
5446	0.00642908
5447	0.00594203
5448	0.00608484
5449	0.00629361
5450	0.00605717
5451	0.00642313
5452	0.00676726
5453	0.00663317
5454	0.0067437
5455	0.00671978
5456	0.00624658
5457	0.00632786
5458	0.00609406
5459	0.00648143
5460	0.00653761
5461	0.00667622
5462	0.00668424
5463	0.00705643
5464	0.00672986
5465	0.0071907
5466	0.00690037
5467	0.00711553
5468	0.00714329
5469	0.00717213
5470	0.00659632
5471	0.00695695
5472	0.00717218
5473	0.00718344
5474	0.00694334
5475	0.00672069
5476	0.00684163
5477	0.00686702
5478	0.00721493
5479	0.00756239
5480	0.00805565
5481	0.0084049
5482	0.00831794
5483	0.00805378
5484	0.00875513
5485	0.00812945
5486	0.00833569
5487	0.0083825
5488	0.00906609
5489	0.00916512
5490	0.00881887
5491	0.00878281
5492	0.00868882
5493	0.00872701
5494	0.00846249
5495	0.00858955
5496	0.0088461
5497	0.00848194
5498	0.00824791
5499	0.00845618
5500	0.00854773
5501	0.00862543
5502	0.00823258
5503	0.00772913
5504	0.00763996
5505	0.00783748
5506	0.00786224
5507	0.00765599
5508	0.00750358
5509	0.00716332
5510	0.00654196
5511	0.00633519
5512	0.00591637
5513	0.00565376
5514	0.00558807
5515	0.00514228
5516	0.00494993
5517	0.00475683
5518	0.00451953
5519	0.0046648
5520	0.00418539
5521	0.00412455
5522	0.00431452
5523	0.00373293
5524	0.00344481
5525	0.00339865
5526	0.00366354
5527	0.00358081
5528	0.00386591
5529	0.00364383
5530	0.00313885
5531	0.00285664
5532	0.00320281
5533	0.00307456
5534	0.00314638
5535	0.00348516
5536	0.00331136
5537	0.00305807
5538	0.0026236
5539	0.00251623
5540	0.00229428
5541	0.00223195
5542	0.00227372
5543	0.00244944
5544	0.00224817
5545	0.00196687
5546	0.00192193
5547	0.0017425
5548	0.00185509
5549	0.00187024
5550	0.00177793
5551	0.00185741
5552	0.00172391
5553	0.00180177
5554	0.00180076
5555	0.00183006
5556	0.00176374
5557	0.00173893
5558	0.0016956
5559	0.00179271
5560	0.00183639
5561	0.00206324
5562	0.00184795
5563	0.00178516
5564	0.0021401
5565	0.00218113
5566	0.00222396
5567	0.00184373
5568	0.00183524
5569	0.0020357
5570	0.00194582
5571	0.0019103
5572	0.00177621
5573	0.0018601
5574	0.00190905
5575	0.0017145
5576	0.00166645
5577	0.00161521
5578	0.00178673
5579	0.00190058
5580	0.00204709
5581	0.002209
5582	0.00252877
5583	0.00232213
5584	0.00262945
5585	0.00247251
5586	0.00235086
5587	0.00220839
5588	0.00244926
5589	0.0023603
5590	0.0021081
5591	0.0022317
5592	0.00212435
5593	0.00222247
5594	0.00210471
5595	0.00200756
5596	0.00225553
5597	0.00250473
5598	0.00270832
5599	0.00269343
5600	0.00292973
5601	0.00287474
5602	0.00278607
5603	0.00285258
5604	0.00301638
5605	0.00307362
5606	0.0028812
5607	0.00272531
5608	0.00263639
5609	0.00265417
5610	0.0027302
5611	0.0027006
5612	0.00280995
5613	0.00282552
5614	0.00319164
5615	0.00355133
5616	0.00342279
5617	0.00342394
5618	0.00339058
5619	0.00373959
5620	0.00373867
5621	0.00372928
5622	0.00391232
5623	0.00408308
5624	0.00373118
5625	0.00404221
5626	0.00409765
5627	0.00428175
5628	0.00454679
5629	0.00455142
5630	0.00483774
5631	0.00473708
5632	0.00486012
5633	0.00502454
5634	0.00520851
5635	0.00566016
5636	0.00558427
5637	0.00574514
5638	0.00545873
5639	0.00533514
5640	0.00521854
5641	0.00576353
5642	0.00591148
5643	0.00581691
5644	0.00585322
5645	0.00543074
5646	0.00557142
5647	0.00581522
5648	0.00603741
5649	0.00652467
5650	0.00689774
5651	0.00686667
5652	0.00699283
5653	0.00666082
5654	0.0070255
5655	0.00764264
5656	0.0073885
5657	0.00784646
5658	0.00760859
5659	0.00754519
5660	0.0078007
5661	0.00751737
5662	0.00740175
5663	0.00808855
5664	0.00886051
5665	0.00928882
5666	0.00907842
5667	0.00898889
5668	0.00940226
5669	0.00933216
5670	0.00959275
5671	0.0101805
5672	0.0100865
5673	0.0102047
5674	0.0106935
5675	0.0110988
5676	0.010977
5677	0.0108067
5678	0.0109462
5679	0.0107762
5680	0.0115563
5681	0.0120414
5682	0.0117003
5683	0.0111576
5684	0.0114602
5685	0.0115061
5686	0.0112922
5687	0.0111651
5688	0.0102676
5689	0.0102277
5690	0.00954598
5691	0.00955898
5692	0.00969237
5693	0.0099253
5694	0.00949096
5695	0.00936728
5696	0.00976167
5697	0.00932542
5698	0.00882333
5699	0.0083495
5700	0.00828378
5701	0.00853478
5702	0.00814111
5703	0.00824558
5704	0.00831066
5705	0.00807084
5706	0.00812626
5707	0.00863532
5708	0.00855963
5709	0.00824532
5710	0.00783481
5711	0.00738689
5712	0.00668201
5713	0.00673022
5714	0.00634093
5715	0.00598946
5716	0.00573443
5717	0.00515366
5718	0.00513374
5719	0.00470717
5720	0.00413545
5721	0.00387834
5722	0.00365911
5723	0.00383631
5724	0.00358734
5725	0.00357721
5726	0.00318736
5727	0.00314397
5728	0.00297602
5729	0.00263901
5730	0.00228052
5731	0.0020596
5732	0.00198553
5733	0.00203929
5734	0.00187004
5735	0.00200501
5736	0.00217341
5737	0.0018845
5738	0.00158316
5739	0.00153133
5740	0.00150968
5741	0.00127975
5742	0.00136903
5743	0.00129769
5744	0.00141385
5745	0.00128465
5746	0.00114185
5747	0.00121379
5748	0.00117305
5749	0.000932753
5750	0.00107619
5751	0.00123505
5752	0.00140618
5753	0.00130112
5754	0.00119172
5755	0.00138597
5756	0.00139721
5757	0.0012959
5758	0.00111408
5759	0.00104417
5760	0.000802883
5761	0.000914075
5762	0.000898379
5763	0.000976839
5764	0.000882224
5765	0.00101753
5766	0.0010123
5767	0.00113437
5768	0.00112322
5769	0.00108792
5770	0.00109315
5771	0.00105488
5772	0.000912076
5773	0.000821302
5774	0.000910901
5775	0.000846343
5776	0.000707687
5777	0.000730522
5778	0.000812834
5779	0.000968405
5780	0.000875467
5781	0.00107457
5782	0.00117275
5783	0.00136748
5784	0.00144139
5785	0.00149861
5786	0.00128578
5787	0.00149163
5788	0.00158195
5789	0.00143544
5790	0.00149769
5791	0.00167194
5792	0.00176904
5793	0.00188821
5794	0.00188419
5795	0.00190676
5796	0.00172291
5797	0.00154598
5798	0.00161066
5799	0.00158386
5800	0.00152068
5801	0.00159712
5802	0.0016433
5803	0.00176967
5804	0.00189829
5805	0.00206531
5806	0.00197811
5807	0.00185212
5808	0.00186493
5809	0.00206742
5810	0.00217129
5811	0.00201312
5812	0.00210904
5813	0.00251273
5814	0.00276018
5815	0.0027111
5816	0.00291796
5817	0.00311708
5818	0.00299473
5819	0.00301179
5820	0.00295459
5821	0.00294911
5822	0.00292683
5823	0.00331905
5824	0.00347578
5825	0.0037525
5826	0.00398207
5827	0.00403855
5828	0.00383362
5829	0.0041707
5830	0.00392009
5831	0.00378023
5832	0.0042618
5833	0.00421365
5834	0.00421276
5835	0.0041827
5836	0.00426117
5837	0.00453283
5838	0.00462867
5839	0.00464993
5840	0.00475992
5841	0.00468195
5842	0.004606
5843	0.00499157
5844	0.00505439
5845	0.00541591
5846	0.00556523
5847	0.00575844
5848	0.00573048
5849	0.00551124
5850	0.00572708
5851	0.00613146
5852	0.00632473
5853	0.00661196
5854	0.00699029
5855	0.00713667
5856	0.00750768
5857	0.00796257
5858	0.00856554
5859	0.00911861
5860	0.00962935
5861	0.0103151
5862	0.0103719
5863	0.0110317
5864	0.0110445
5865	0.0109087
5866	0.0110128
5867	0.0114707
5868	0.0118598
5869	0.0120912
5870	0.0133155
5871	0.0137311
5872	0.0143311
5873	0.0149985
5874	0.0156142
5875	0.0161037
5876	0.0166363
5877	0.0173439
5878	0.0170505
5879	0.0176299
5880	0.017139
5881	0.0171891
5882	0.0166042
5883	0.016367
5884	0.0160993
5885	0.0159242
5886	0.0157273
5887	0.0161713
5888	0.0153477
5889	0.0151624
5890	0.0146657
5891	0.0140412
5892	0.0137974
5893	0.0132552
5894	0.0127271
5895	0.0122984
5896	0.0120339
5897	0.0109557
5898	0.010154
5899	0.00991401
5900	0.00859238
5901	0.0078477
5902	0.00780828
5903	0.00698676
5904	0.00648847
5905	0.00626008
5906	0.00567051
5907	0.00506357
5908	0.00471152
5909	0.00470926
5910	0.00442415
5911	0.0042897
5912	0.00385657
5913	0.00421521
5914	0.00431451
5915	0.00410136
5916	0.00411093
5917	0.00387653
5918	0.0035304
5919	0.00339975
5920	0.00317841
5921	0.00279317
5922	0.00266034
5923	0.0025293
5924	0.00264737
5925	0.00270591
5926	0.00274578
